Multiple size <= 100
TEST 1 ARG:85 51 83 57 92 91 15 33 39 3 81 7 30 45 36 61 26 10 77 63 89 17 31 98 78 86 2 24 73 22 80 1 55 29 59 0 8 90 11 48 20 28 95 54 53 64 9 79 19 34 44 74 71 12 50 35 93 94 76 67 40 49 18 25 58 42 75 32 97 87 69 41 68 70 99 46 37 72 16 47 84 52 96 21 27 66 88 62 56 82 6 23 38 5 60 14 4 65 13 43 
TEST 2 ARG:0 53 46 87 60 30 86 64 47 29 39 10 13 5 66 28 90 74 6 48 7 56 23 58 54 85 99 91 52 18 68 3 69 80 45 37 65 33 32 89 55 20 34 59 98 16 49 51 78 21 71 38 27 12 42 76 96 19 70 57 61 67 83 25 2 93 22 8 35 81 36 43 84 26 24 79 44 73 14 75 92 50 88 72 82 4 94 40 97 15 95 31 1 17 41 11 77 63 9 62 
TEST 3 ARG:68 60 76 82 72 0 1 78 57 32 81 23 93 29 58 89 98 26 5 65 40 9 56 15 88 36 80 24 25 16 54 79 71 37 28 35 53 2 49 33 6 47 51 84 75 77 52 50 44 11 92 34 85 39 38 41 99 13 7 27 3 91 59 66 45 42 64 12 97 46 31 90 67 62 43 87 95 94 73 69 14 21 22 61 4 96 30 74 17 48 20 55 19 70 18 10 63 86 8 83 
TEST 4 ARG:44 55 19 31 79 0 10 71 74 66 32 81 29 20 58 9 62 51 35 85 37 23 89 75 53 46 80 67 96 52 68 98 73 5 1 4 94 27 2 24 14 60 41 40 77 91 56 57 18 92 93 28 76 99 59 61 39 48 86 49 47 17 70 3 69 12 8 13 88 22 11 45 72 21 84 64 78 42 83 97 36 54 87 34 43 90 95 33 30 50 65 6 26 38 25 82 7 16 63 15 
TEST 5 ARG:70 39 85 24 48 88 52 42 80 44 7 12 56 72 34 5 41 29 36 63 47 32 18 79 27 45 19 57 46 14 66 26 30 83 82 99 62 13 3 22 76 38 2 64 86 97 4 11 33 95 31 40 1 54 65 43 67 94 9 28 90 59 35 71 49 84 91 37 6 10 61 25 60 89 81 78 75 73 23 93 96 15 98 21 0 74 16 69 51 55 58 53 8 87 92 50 77 20 68 17 
TEST 6 ARG:18 26 21 9 84 95 11 80 43 66 73 30 85 10 28 70 63 55 91 60 41 96 22 77 6 24 93 45 3 51 44 87 2 23 71 68 36 86 5 83 78 27 62 31 4 58 15 40 13 90 88 38 61 46 99 50 47 42 72 32 69 81 98 8 64 25 16 34 59 39 97 65 92 74 79 53 76 49 1 29 7 12 54 48 17 67 35 33 56 94 75 0 19 89 82 20 14 52 57 37 
TEST 7 ARG:58 86 94 35 80 16 21 29 97 53 8 57 39 59 67 81 43 92 68 62 83 27 33 36 71 74 63 64 25 34 76 22 89 65 49 23 4 38 48 45 41 44 12 70 72 69 30 2 82 66 3 6 14 85 52 77 24 15 37 9 32 18 79 99 51 31 10 61 98 17 50 1 0 96 60 91 73 47 26 75 78 87 54 88 42 55 19 90 46 56 7 93 5 40 28 95 13 84 11 20 
TEST 8 ARG:73 94 64 68 59 52 81 63 27 20 49 98 12 42 57 84 56 85 78 17 39 10 90 21 18 44 0 80 76 31 75 51 46 38 45 41 70 15 3 47 97 54 14 29 65 72 71 23 55 35 13 11 25 22 8 61 53 92 36 99 5 96 1 34 66 50 19 58 33 6 86 89 83 67 48 32 79 95 93 2 28 82 26 30 40 88 7 24 62 43 74 77 9 16 60 87 69 37 4 91 
TEST 9 ARG:67 20 12 93 71 55 43 38 62 70 65 86 13 60 59 2 97 73 37 63 7 75 91 3 5 34 1 25 69 28 39 90 45 56 40 30 15 33 11 77 78 19 85 31 27 6 36 89 24 53 94 16 48 61 9 98 8 51 14 46 88 42 64 29 57 23 17 18 74 66 95 87 47 21 10 83 84 76 49 0 68 72 96 81 92 22 79 54 41 58 52 50 35 44 26 80 4 82 99 32 
TEST 10 ARG:47 55 78 84 57 4 79 1 32 36 11 71 81 46 67 74 76 12 87 28 98 21 44 69 15 97 92 56 77 96 41 40 18 99 7 89 82 70 83 54 14 38 16 65 48 72 29 75 64 22 45 0 33 17 37 91 68 30 26 23 62 2 63 51 52 31 10 95 35 85 9 94 19 58 27 39 50 59 3 25 86 73 60 80 90 49 42 13 93 43 66 88 53 6 8 34 20 61 5 24 
TEST 11 ARG:24 33 92 27 31 45 97 42 4 58 49 67 56 38 44 26 53 90 83 34 41 93 21 70 59 69 63 25 52 78 17 16 62 76 22 61 2 32 50 35 71 64 95 54 5 12 68 66 8 81 87 85 96 77 13 43 79 28 23 39 9 98 29 11 0 99 57 51 10 74 82 46 48 3 20 19 72 84 40 14 75 86 80 1 88 37 30 73 60 65 6 55 94 91 18 47 7 36 89 15 
TEST 12 ARG:23 60 55 74 85 88 0 59 14 78 99 89 21 3 69 72 11 1 49 97 39 61 56 42 26 13 95 40 6 7 51 43 44 68 65 17 80 28 77 67 29 22 58 37 82 25 31 12 19 10 32 8 34 4 84 5 33 73 46 15 52 53 27 86 71 35 87 93 16 48 24 94 83 54 2 92 9 47 79 41 76 62 20 96 63 18 66 91 36 57 45 64 81 98 75 38 70 30 90 50 
TEST 13 ARG:55 15 49 66 71 54 80 44 5 67 59 42 96 23 39 50 88 48 77 57 21 29 46 38 98 65 8 99 1 9 91 58 45 47 30 7 79 25 20 84 60 10 12 37 97 17 73 83 3 86 32 24 40 26 93 64 78 61 34 82 74 0 52 35 14 76 90 63 13 41 6 19 72 56 94 27 62 2 31 70 89 16 85 51 43 92 11 36 68 28 18 69 22 87 95 53 4 33 81 75 
TEST 14 ARG:33 83 74 8 34 50 4 28 96 48 61 0 77 12 85 58 63 73 32 64 23 82 75 37 89 15 92 88 55 84 35 56 1 80 99 42 14 22 54 93 60 91 66 97 47 39 17 68 21 81 27 38 24 53 71 2 5 16 90 86 3 79 20 49 98 70 10 95 78 87 43 6 29 94 30 13 72 19 76 40 46 51 18 67 7 9 36 41 25 45 11 59 62 44 69 52 57 31 26 65 
TEST 15 ARG:57 10 17 91 53 49 56 39 92 30 21 51 16 6 2 33 88 50 99 0 5 9 74 68 80 61 42 32 95 1 58 38 71 29 25 45 27 47 94 28 48 90 79 11 73 87 78 82 12 31 15 70 41 55 40 77 18 83 46 8 19 22 13 93 76 35 20 63 23 69 3 14 84 96 4 44 89 98 75 81 97 37 52 65 64 24 72 59 54 86 66 60 34 67 62 36 7 26 43 85 
TEST 16 ARG:32 39 60 16 61 5 30 37 68 69 40 76 77 96 63 42 57 38 82 25 66 24 79 1 12 83 35 72 81 93 4 6 47 17 70 50 73 62 55 41 33 74 2 78 87 92 13 97 58 64 53 52 45 71 18 19 26 90 14 67 80 29 28 10 48 46 11 99 15 59 54 86 89 0 3 31 9 36 22 91 34 51 21 49 85 27 20 75 43 94 88 56 95 44 8 23 65 7 98 84 
TEST 17 ARG:51 5 40 95 53 3 6 69 48 18 52 79 19 1 64 80 45 60 8 43 11 84 93 31 34 94 47 30 77 28 9 72 27 50 70 91 78 55 61 96 13 4 89 56 38 57 15 36 32 17 29 97 63 21 41 22 59 0 75 73 74 37 87 58 7 49 88 76 46 68 65 54 26 42 92 82 44 20 2 99 33 90 39 25 16 10 81 71 14 86 67 62 83 85 35 98 12 66 24 23 
TEST 18 ARG:50 22 34 39 29 42 12 8 38 47 99 92 33 61 98 72 65 27 10 18 88 19 40 79 82 60 3 5 56 41 94 23 24 6 55 48 37 71 11 25 89 35 78 70 17 91 80 32 97 81 14 54 67 45 9 74 62 76 20 36 64 28 26 68 75 66 44 49 7 69 2 90 46 31 63 16 43 57 51 93 15 30 1 53 73 85 95 59 84 21 4 0 87 13 96 86 77 52 58 83 
TEST 19 ARG:41 64 45 89 17 4 25 81 57 72 93 86 13 42 56 68 60 7 66 26 5 80 3 9 83 11 54 61 0 15 73 36 27 51 39 92 16 21 87 6 50 62 55 24 2 88 77 10 46 47 22 30 69 97 78 20 99 95 70 35 96 1 31 18 14 98 91 19 40 12 65 8 33 49 82 48 52 59 85 63 29 94 53 90 37 75 74 23 71 76 58 67 84 34 32 43 28 79 38 44 
TEST 20 ARG:97 95 77 45 62 88 67 31 10 54 61 57 9 1 79 47 21 55 81 24 60 46 87 0 33 30 16 71 82 27 23 40 7 65 85 48 6 99 83 4 44 86 36 52 59 73 66 84 29 80 53 92 74 12 72 2 49 32 25 78 8 42 75 51 14 39 3 34 22 17 26 50 68 38 5 18 89 93 28 56 11 91 15 37 94 20 58 98 76 69 13 43 35 64 41 19 63 90 70 96 
TEST 21 ARG:52 20 39 78 38 64 19 37 88 30 51 4 34 54 80 13 62 58 77 18 60 72 84 95 71 45 43 5 69 36 56 96 29 61 2 27 79 47 92 91 41 97 14 31 94 75 83 40 1 87 21 63 23 73 26 49 99 28 90 3 42 81 76 46 57 32 17 68 11 65 12 22 33 0 70 8 74 6 35 82 9 86 53 25 24 15 55 98 7 59 89 85 48 16 67 93 50 66 44 10 
TEST 22 ARG:92 46 82 2 36 97 86 21 13 49 47 25 9 62 56 98 71 24 67 32 70 45 33 42 74 3 96 30 5 7 76 69 51 39 52 1 90 28 31 72 12 29 22 27 26 34 54 4 93 83 63 19 95 59 35 57 91 20 41 18 8 78 85 73 38 58 6 14 50 68 15 10 99 16 89 37 81 75 11 60 80 55 87 48 40 23 44 79 43 88 77 94 61 65 0 64 84 17 66 53 
TEST 23 ARG:80 75 78 43 85 25 13 95 24 11 16 87 23 62 81 69 88 70 55 3 33 46 22 45 34 30 89 63 8 64 90 68 84 17 19 38 7 32 92 61 14 10 59 71 74 27 60 56 40 94 48 98 12 53 91 82 36 35 67 4 77 97 65 93 18 44 28 57 52 86 26 79 5 2 72 54 76 15 42 39 41 96 47 50 58 73 49 1 29 20 83 31 51 0 99 9 21 66 37 6 
TEST 24 ARG:46 39 49 74 62 73 10 9 27 13 28 88 19 77 0 20 53 37 38 65 67 82 3 41 31 56 78 84 69 66 96 44 92 80 99 12 7 30 51 52 18 5 64 63 71 54 94 34 15 45 32 33 55 85 11 58 48 50 23 89 57 21 79 35 61 91 2 90 43 24 6 87 1 95 4 59 70 25 17 36 60 93 26 8 16 76 42 47 29 83 86 75 14 22 72 97 98 81 68 40 
TEST 25 ARG:71 64 79 53 74 66 6 83 77 11 2 96 24 98 22 7 76 80 48 62 99 94 87 91 8 41 73 28 72 27 3 86 9 26 65 37 70 93 30 63 95 1 92 31 75 88 35 29 39 60 40 56 42 57 85 25 17 81 50 20 16 54 68 34 78 69 59 38 14 84 33 23 0 67 55 52 32 61 51 47 10 90 36 58 44 5 4 82 13 45 15 46 49 12 89 43 21 19 18 97 
TEST 26 ARG:9 22 77 55 28 54 10 3 66 62 65 96 29 2 32 72 36 68 80 82 40 17 89 13 26 41 84 56 7 21 33 42 79 15 86 24 67 4 18 58 14 71 92 81 45 99 94 53 87 57 31 49 25 39 95 52 78 38 85 51 47 48 75 6 20 1 8 46 98 73 11 69 74 61 88 0 12 91 35 83 90 19 44 76 43 97 27 70 5 64 59 60 93 34 50 23 37 63 16 30 
TEST 27 ARG:1 52 58 64 20 94 85 89 11 67 95 0 97 13 15 7 39 79 96 93 26 14 23 35 5 90 81 99 62 45 71 53 55 8 78 18 48 73 88 51 80 31 4 32 6 42 98 34 65 40 77 17 29 19 72 74 3 70 46 12 41 57 83 87 82 37 25 92 69 86 2 76 10 66 50 16 36 47 44 60 27 56 28 9 30 38 33 49 91 24 21 54 84 61 75 68 22 43 63 59 
TEST 28 ARG:28 95 85 90 91 16 19 69 86 60 74 2 5 21 68 34 27 40 29 1 72 48 58 80 45 3 94 87 98 65 61 41 62 52 49 36 32 8 20 12 93 43 59 30 50 26 46 6 18 99 83 76 92 73 11 96 15 97 56 55 22 31 14 9 64 17 4 63 37 82 39 71 0 84 89 70 38 44 51 24 88 77 66 75 23 35 7 67 78 47 53 81 10 79 42 13 54 57 33 25 
TEST 29 ARG:3 11 72 99 96 67 18 46 15 81 93 37 13 87 12 79 57 25 43 39 40 61 91 82 42 88 52 22 68 29 69 83 90 31 48 32 27 21 47 1 16 28 53 95 92 17 24 36 20 60 78 70 23 50 49 38 66 2 35 84 64 9 45 76 89 4 56 51 6 73 41 0 44 65 34 97 75 94 14 86 85 63 30 19 54 26 7 80 33 59 98 8 74 62 55 77 58 5 71 10 
TEST 30 ARG:9 18 92 47 50 38 46 88 93 16 98 49 3 45 80 37 0 56 30 63 27 15 82 57 85 74 5 76 69 39 60 22 54 78 89 91 75 95 64 7 68 90 44 67 19 1 83 84 81 48 29 40 73 97 61 71 42 20 11 8 24 23 10 94 53 32 58 43 52 70 33 4 55 36 2 96 6 14 99 86 87 62 28 17 59 12 26 21 51 72 34 77 66 25 65 41 13 79 35 31 
TEST 31 ARG:87 8 29 98 49 0 31 38 28 23 68 66 76 25 86 1 10 65 11 46 27 9 61 59 36 43 57 35 54 24 71 67 47 32 53 13 30 94 85 89 51 70 69 80 17 93 84 48 5 55 18 63 83 82 15 64 75 34 81 20 3 21 39 26 19 72 56 14 74 78 40 22 79 50 60 2 99 90 33 7 77 44 91 95 45 52 97 16 37 88 4 41 6 58 12 62 73 96 42 92 
TEST 32 ARG:51 91 8 77 62 12 45 85 83 17 40 65 21 7 59 61 73 67 33 10 89 23 52 38 9 19 18 29 0 47 1 56 75 92 22 16 98 49 3 82 70 36 94 6 58 31 13 66 15 54 14 71 88 5 93 55 72 27 32 80 95 25 43 86 41 39 28 79 99 11 76 96 46 30 2 57 97 64 87 68 60 53 90 81 74 37 35 69 78 48 20 50 34 63 84 44 24 26 42 4 
TEST 33 ARG:45 55 23 81 94 8 10 29 21 9 56 87 91 16 57 0 50 74 34 49 18 76 2 96 13 40 69 60 66 90 1 3 75 7 63 4 31 39 14 71 46 20 32 28 98 88 65 42 19 86 12 73 62 38 78 85 59 99 43 61 82 79 92 30 53 33 84 68 41 64 54 48 25 24 80 22 58 47 17 35 6 51 93 5 11 52 77 37 27 67 70 26 36 89 97 95 83 44 72 15 
TEST 34 ARG:46 1 84 34 33 23 11 29 16 30 99 41 73 44 45 63 17 3 82 76 62 13 80 19 94 43 50 89 42 40 70 98 21 67 47 61 38 49 51 85 81 10 75 72 9 97 53 58 54 22 87 52 12 8 88 18 57 74 55 96 83 4 93 39 69 0 35 7 24 90 26 37 92 2 28 79 64 6 15 5 36 66 95 25 65 31 59 91 78 77 48 14 56 68 71 20 27 32 86 60 
TEST 35 ARG:55 42 75 92 97 64 58 78 25 56 27 26 46 43 99 38 62 49 91 35 29 37 41 95 98 3 48 28 13 0 85 36 66 6 10 47 81 30 17 77 68 71 53 69 22 72 9 79 52 93 87 84 16 18 94 32 76 12 82 50 21 89 88 65 33 40 45 73 19 14 57 1 4 63 20 2 23 51 61 86 44 8 96 15 5 24 60 90 54 7 34 59 39 74 67 83 70 31 80 11 
TEST 36 ARG:80 75 76 49 70 58 25 41 18 13 19 15 84 17 69 14 72 35 78 64 82 0 68 46 93 83 94 91 87 42 92 81 51 16 48 2 59 63 7 85 45 21 33 23 67 34 31 26 86 61 20 66 60 36 5 57 95 71 29 99 55 54 96 65 3 56 8 9 28 47 97 22 39 43 88 11 1 27 89 10 4 73 44 50 6 37 52 90 12 40 74 32 77 79 62 38 98 53 30 24 
TEST 37 ARG:55 89 26 15 77 3 43 76 98 54 13 21 84 37 71 91 35 20 38 10 31 27 41 39 68 80 5 99 72 32 19 22 44 63 88 85 86 42 7 51 92 11 57 70 96 16 52 25 64 79 90 9 62 66 1 69 83 2 95 87 60 47 6 93 74 75 29 40 0 67 14 23 94 33 49 58 73 50 45 12 59 78 53 48 28 56 18 8 65 61 81 34 17 46 4 82 97 36 30 24 
TEST 38 ARG:78 61 71 54 74 13 14 97 34 90 52 28 72 57 93 39 68 20 65 85 81 3 55 15 46 48 31 18 38 89 53 67 99 10 70 44 50 11 91 4 45 6 2 1 9 83 77 7 96 58 12 21 17 27 23 94 32 0 37 41 35 22 29 64 24 88 66 19 63 47 86 25 84 62 36 73 59 92 33 40 49 56 26 5 95 8 76 79 30 69 80 82 60 16 98 51 75 43 42 87 
TEST 39 ARG:52 54 9 73 65 13 59 80 50 85 95 77 27 7 74 67 55 35 28 97 34 25 15 51 70 57 78 69 8 93 19 5 43 99 49 58 2 18 53 20 29 12 22 84 86 60 1 91 24 81 94 76 87 0 11 6 75 46 4 38 26 45 37 98 41 72 17 68 64 47 14 48 63 32 62 33 16 96 42 3 30 83 90 56 79 36 89 39 21 92 10 31 82 66 71 88 40 44 61 23 
TEST 40 ARG:46 48 32 21 20 92 77 75 67 57 26 63 64 83 73 13 90 9 88 11 87 7 33 6 38 43 95 0 18 80 60 50 99 59 72 45 19 82 12 65 55 5 35 3 28 17 96 76 74 89 61 86 85 44 62 70 98 94 81 4 71 93 8 66 22 1 47 23 79 36 54 68 56 10 78 30 42 34 24 40 29 97 37 2 58 31 49 52 91 53 41 25 14 16 51 39 15 84 27 69 
TEST 41 ARG:64 53 9 30 0 36 76 90 1 45 92 84 8 75 4 39 40 37 82 11 26 19 97 3 41 18 63 28 22 78 65 32 95 66 60 94 38 49 7 81 17 55 20 25 47 91 71 29 58 46 62 31 56 74 86 59 79 42 68 57 83 98 50 34 27 72 23 85 61 69 77 70 12 89 24 87 13 73 44 54 16 14 51 93 99 43 5 96 2 10 35 21 15 6 52 48 67 80 33 88 
TEST 42 ARG:12 39 93 18 1 78 24 11 54 16 70 95 87 42 22 96 65 33 55 52 20 40 23 10 46 26 94 73 64 91 72 81 4 9 89 61 75 6 62 90 27 7 31 44 86 67 36 30 69 29 13 25 56 85 79 58 14 82 47 88 92 17 63 98 37 28 43 57 83 68 66 77 99 41 19 5 8 74 34 45 0 59 76 71 49 84 51 38 2 50 3 60 97 15 32 35 21 80 53 48 
TEST 43 ARG:52 40 47 95 58 7 73 90 43 92 61 12 10 4 48 91 17 59 46 34 50 84 68 3 77 54 51 81 9 0 25 11 36 53 45 39 96 28 49 86 41 98 60 78 67 83 70 42 64 65 87 93 23 32 85 2 82 62 37 8 72 33 99 74 19 88 94 75 55 1 16 18 14 24 13 44 27 38 21 89 26 22 31 97 79 30 76 57 5 6 29 63 20 71 56 15 69 66 35 80 
TEST 44 ARG:6 73 51 12 31 87 92 59 65 21 74 85 19 58 2 29 63 72 98 30 20 75 52 97 15 47 78 18 96 46 10 4 86 43 37 62 83 9 93 71 80 16 17 28 67 39 33 66 89 7 27 61 81 82 35 8 69 41 54 49 22 24 94 3 25 14 79 11 84 95 38 45 32 64 13 26 36 91 57 23 99 76 90 42 34 5 60 68 77 40 44 70 53 1 0 50 55 48 88 56 
TEST 45 ARG:72 96 92 68 52 95 66 1 39 44 35 60 59 90 89 49 61 19 45 27 31 79 76 38 41 46 99 55 26 11 8 71 47 58 13 74 85 16 48 69 94 62 65 50 51 12 91 57 2 87 97 9 15 3 7 20 93 77 75 88 64 63 21 40 0 17 10 34 24 22 86 54 84 42 98 14 30 37 73 25 81 5 53 18 23 78 32 83 33 36 56 43 70 80 6 4 29 28 82 67 
TEST 46 ARG:97 23 76 71 16 6 15 89 7 92 51 34 25 5 1 18 10 63 91 31 11 30 43 49 38 26 29 36 39 47 41 12 45 66 87 73 21 83 90 70 96 60 3 68 54 27 19 13 75 81 8 55 58 64 88 56 78 20 82 33 24 53 44 42 93 9 85 40 48 72 37 14 84 99 98 52 28 59 17 22 0 50 80 46 62 86 95 65 77 94 69 57 35 61 4 67 32 2 74 79 
TEST 47 ARG:38 96 98 50 90 71 69 27 24 45 67 44 15 18 43 75 6 20 23 61 29 56 1 91 73 74 35 80 11 97 57 66 86 13 40 77 33 99 21 34 54 3 51 89 84 10 65 72 82 31 46 63 81 83 53 52 85 32 19 62 30 79 2 41 14 93 92 55 87 0 58 7 47 48 42 94 8 78 70 64 12 9 26 68 22 49 16 25 60 39 76 37 28 17 95 5 36 88 59 4 
TEST 48 ARG:6 45 13 69 1 68 28 3 18 46 84 73 21 2 37 16 5 86 34 7 26 54 36 48 4 24 42 94 12 98 75 85 62 47 52 80 61 93 44 65 38 32 77 88 83 72 89 95 64 70 10 23 43 74 99 87 0 63 49 50 66 11 71 82 39 27 92 22 59 33 78 55 91 60 29 35 97 81 20 25 17 90 51 30 79 41 96 31 53 9 19 67 8 56 58 15 14 40 76 57 
TEST 49 ARG:76 60 97 14 78 56 24 66 74 10 63 36 49 58 89 45 83 46 2 44 5 96 54 95 38 32 37 50 9 70 0 35 51 34 88 23 4 27 68 11 81 72 40 31 90 85 55 77 64 30 73 62 99 12 91 53 39 86 33 26 3 29 8 67 22 92 15 61 94 25 6 19 48 7 59 13 80 20 93 79 87 18 21 71 98 43 75 28 57 16 84 47 65 52 17 42 69 41 1 82 
TEST 50 ARG:37 5 41 68 76 49 82 23 59 63 78 77 39 17 74 0 91 26 36 95 86 99 93 88 81 90 33 28 31 32 8 7 21 16 27 3 2 34 19 66 20 60 40 70 94 11 22 47 62 98 75 9 15 25 53 6 61 97 50 30 43 54 38 69 48 42 24 83 71 12 87 80 58 44 55 67 79 35 56 14 18 13 84 64 46 96 1 45 65 10 52 92 85 29 4 51 89 57 72 73 
TEST 51 ARG:84 59 31 52 96 66 69 77 60 68 6 89 22 88 1 27 71 58 37 20 15 34 32 76 64 44 43 14 73 99 91 49 87 82 93 80 65 79 26 86 75 98 21 33 85 17 94 11 36 24 35 50 62 10 70 46 5 92 72 9 95 54 53 61 40 51 19 97 41 2 63 39 12 4 38 23 90 28 0 8 57 67 3 45 29 48 55 13 47 78 42 30 18 56 81 83 7 74 16 25 
TEST 52 ARG:82 90 10 23 95 67 99 85 4 6 93 28 88 61 71 74 70 30 21 14 39 75 69 83 65 84 47 57 56 20 86 25 18 64 51 60 42 98 33 19 32 96 52 31 45 66 5 81 1 43 22 9 36 15 17 2 62 40 94 13 92 97 80 46 54 58 27 24 72 73 34 79 59 63 44 0 50 55 37 7 91 76 26 35 49 48 12 29 78 38 89 53 11 41 87 68 77 8 16 3 
TEST 53 ARG:33 72 55 15 40 54 17 32 65 81 8 38 93 3 63 71 19 98 25 35 11 5 62 23 26 52 34 57 60 31 6 43 90 27 30 78 64 49 59 73 97 4 84 76 61 77 80 28 10 87 50 66 95 46 99 22 14 83 51 16 88 37 79 75 68 13 56 45 69 18 94 42 9 29 7 96 53 1 0 86 67 92 39 2 58 44 36 85 21 24 82 47 74 12 89 91 70 41 20 48 
TEST 54 ARG:34 15 45 16 8 0 25 43 48 3 79 42 87 20 47 77 11 13 95 37 33 19 72 58 14 39 46 10 38 64 66 85 35 93 52 26 99 24 96 81 2 71 27 65 76 12 60 53 84 9 56 88 86 41 80 21 97 30 63 98 29 75 54 67 70 1 82 7 36 32 83 89 28 23 57 51 22 90 5 31 62 6 18 59 78 92 55 4 94 49 74 69 91 50 44 61 73 17 40 68 
TEST 55 ARG:26 47 68 37 28 15 97 89 99 59 51 6 70 53 2 64 57 5 86 67 33 40 91 45 80 12 85 1 75 81 92 24 61 69 38 84 35 17 23 9 39 54 77 29 31 98 21 58 62 71 13 16 95 88 27 65 90 76 72 96 82 14 44 30 7 74 94 34 73 83 8 66 78 52 25 46 79 63 19 56 10 3 4 49 41 50 55 42 93 18 20 87 11 43 48 32 22 60 0 36 
TEST 56 ARG:15 41 58 71 14 45 98 51 95 11 7 96 75 86 31 21 69 88 77 91 32 8 53 46 62 20 80 63 89 76 48 56 65 39 81 6 82 99 0 16 59 70 61 24 79 84 94 26 29 78 23 27 87 36 72 55 54 2 93 49 25 90 68 35 17 52 97 66 5 50 47 28 85 33 34 60 3 12 37 67 4 18 13 57 10 19 9 44 1 64 73 83 42 38 40 22 43 30 74 92 
TEST 57 ARG:19 28 80 55 35 14 52 59 20 95 54 37 44 82 63 72 76 30 11 53 39 0 85 40 32 78 97 68 22 26 12 96 48 41 83 73 86 2 29 17 65 88 13 4 56 36 9 45 34 21 89 71 67 43 92 42 49 69 84 27 10 8 6 15 62 61 50 90 91 3 79 60 16 5 66 25 7 93 31 33 99 98 87 38 1 81 23 24 18 47 70 77 94 51 75 46 64 58 74 57 
TEST 58 ARG:31 17 46 59 95 71 48 22 19 49 88 15 55 76 1 77 7 23 89 69 97 64 72 6 21 9 16 87 4 92 61 29 35 83 78 75 39 12 2 62 37 73 14 40 45 8 34 98 11 96 53 99 91 65 90 63 56 47 66 85 0 42 10 86 52 58 81 50 26 67 5 43 30 20 41 79 68 82 13 93 80 27 32 25 94 84 24 60 70 57 33 18 36 44 38 54 28 3 51 74 
TEST 59 ARG:95 11 10 92 63 86 29 27 73 37 98 6 44 72 65 74 59 52 41 90 1 93 18 91 32 13 60 43 51 23 68 70 78 3 48 15 64 50 40 35 47 8 14 66 19 16 0 17 67 75 85 82 62 45 42 87 49 83 69 88 89 58 26 77 80 31 57 33 96 20 28 71 12 39 46 36 5 30 24 54 84 56 55 9 94 99 7 22 25 76 34 53 21 61 2 38 4 97 79 81 
TEST 60 ARG:76 96 60 35 67 51 82 88 71 66 56 61 93 86 81 32 73 58 65 4 23 69 83 28 11 87 89 39 21 22 12 84 97 5 80 31 46 27 94 30 18 29 9 14 41 49 16 44 99 10 0 25 7 63 15 3 1 20 62 24 26 40 59 50 8 64 43 36 92 53 17 52 79 6 19 68 45 98 57 13 78 47 2 54 33 72 75 37 70 55 34 90 95 48 85 77 74 38 91 42 
TEST 61 ARG:17 79 97 37 12 2 70 76 33 54 86 57 93 50 16 92 47 84 64 91 18 94 61 8 21 66 11 72 58 0 81 73 44 6 68 53 30 52 65 87 29 78 7 56 42 60 96 45 75 85 63 10 99 67 3 40 9 89 27 32 23 41 28 62 43 26 25 71 20 35 98 13 80 14 34 90 38 31 82 74 55 49 51 88 36 1 46 77 83 59 15 24 48 19 95 69 22 5 39 4 
TEST 62 ARG:76 79 85 94 78 64 71 55 33 57 34 47 72 77 89 61 54 98 53 88 14 59 96 4 93 69 50 9 97 44 36 10 18 65 45 81 26 52 86 73 20 21 25 49 29 41 15 40 99 3 87 32 2 27 5 6 19 83 13 74 58 60 42 70 92 62 8 16 12 39 23 7 38 48 30 68 35 75 95 90 22 28 80 51 24 66 63 11 84 43 56 0 82 31 46 37 67 91 17 1 
TEST 63 ARG:0 83 73 35 50 54 45 39 1 32 30 27 36 75 10 87 80 60 82 22 91 15 79 23 26 49 40 88 74 57 4 85 42 8 12 63 94 84 21 3 77 14 70 67 53 66 99 59 95 76 34 89 44 51 55 69 20 93 6 81 98 72 71 17 62 37 78 68 92 33 52 16 5 65 96 7 25 61 13 11 97 24 38 86 2 46 18 9 64 29 43 41 56 31 19 28 48 47 90 58 
TEST 64 ARG:15 49 33 79 77 19 5 24 87 25 56 42 81 4 68 6 3 18 96 85 35 30 36 14 86 63 93 28 26 45 61 21 65 8 66 51 48 60 88 23 92 7 58 22 47 54 2 50 91 95 82 71 31 13 20 67 12 53 62 80 32 44 73 9 11 1 34 74 75 76 16 97 10 57 89 84 0 98 41 64 55 38 27 37 78 43 17 46 59 99 72 69 83 90 70 94 29 52 39 40 
TEST 65 ARG:71 84 89 48 52 54 59 75 47 87 38 16 61 57 18 3 44 78 29 0 70 6 83 58 72 30 25 69 13 26 35 43 56 9 24 12 5 92 66 79 4 62 17 32 95 42 82 68 77 74 21 37 7 86 28 91 50 45 80 55 73 98 65 27 20 97 96 60 1 93 14 15 36 88 19 76 90 40 31 2 10 81 23 85 33 67 46 8 39 94 22 64 34 53 49 41 63 51 99 11 
TEST 66 ARG:81 68 75 70 60 99 65 89 96 19 3 74 78 42 98 7 26 33 20 40 24 83 58 76 95 57 51 35 82 30 64 23 61 37 45 27 67 34 72 41 13 92 88 2 50 46 62 56 48 29 36 69 63 93 0 44 11 49 79 43 9 12 39 32 80 54 18 91 25 22 71 15 8 97 94 28 87 5 52 86 59 17 16 85 21 4 14 38 84 10 53 31 73 1 55 47 77 6 90 66 
TEST 67 ARG:54 68 91 29 49 51 35 64 86 16 94 44 38 26 81 62 58 23 47 33 8 84 1 21 5 36 82 57 61 87 80 52 10 30 3 41 67 12 22 17 40 60 56 92 32 65 71 28 74 7 75 45 99 15 48 93 88 6 11 9 19 43 34 89 25 85 42 18 50 59 55 76 31 39 14 96 72 66 73 63 27 98 4 20 37 0 79 69 97 95 77 46 70 53 78 13 83 2 90 24 
TEST 68 ARG:37 63 32 12 60 26 97 92 53 10 57 84 19 95 85 67 72 79 40 27 0 81 14 42 6 13 9 87 2 20 47 23 56 88 43 33 46 80 77 83 41 18 31 52 34 89 58 25 66 4 90 11 59 30 49 45 64 74 50 73 78 3 62 91 7 8 5 1 98 29 99 75 61 94 86 55 21 69 93 24 48 35 22 28 70 71 15 38 76 36 39 65 16 17 51 68 44 82 96 54 
TEST 69 ARG:90 31 83 88 25 80 59 28 49 7 8 51 19 93 12 24 20 43 30 79 21 75 17 76 84 97 62 13 6 14 82 23 89 42 65 87 29 5 69 1 91 81 34 4 78 32 96 10 95 52 71 9 77 74 54 73 47 68 56 33 27 98 41 92 55 35 38 36 45 15 40 60 3 99 18 64 70 72 50 11 39 22 86 37 67 44 61 0 58 94 63 48 26 2 57 53 46 16 85 66 
TEST 70 ARG:12 82 8 39 29 32 66 2 40 30 93 77 0 79 99 74 10 35 80 92 89 28 43 61 65 42 6 81 5 91 52 78 71 50 22 58 25 48 1 41 27 55 97 54 73 87 31 24 18 17 23 45 85 90 70 44 26 59 46 63 7 4 3 33 21 20 60 13 94 69 88 98 86 96 9 68 16 19 11 37 83 95 72 34 15 51 76 53 36 57 38 56 62 75 64 14 47 49 84 67 
TEST 71 ARG:94 13 92 36 11 6 86 96 44 27 33 63 53 85 2 28 79 42 51 84 21 62 61 15 47 10 90 99 87 91 4 14 20 81 7 55 38 41 12 97 80 82 57 95 5 8 98 40 48 16 70 76 54 71 60 46 50 25 75 31 22 19 58 73 0 64 68 78 23 29 17 65 66 89 39 43 9 3 72 67 52 26 18 35 30 59 69 24 49 1 88 93 56 45 74 37 77 32 34 83 
TEST 72 ARG:45 18 34 50 33 32 36 68 60 98 81 95 99 20 59 61 12 54 73 83 74 55 38 24 8 40 76 14 94 44 22 13 93 89 39 92 84 42 10 51 67 57 43 26 25 97 4 78 28 56 7 15 5 69 48 75 71 19 88 46 64 31 47 96 65 86 17 16 11 52 21 41 90 27 29 91 79 0 82 49 66 72 3 62 6 58 63 1 30 77 35 37 23 80 87 70 85 2 53 9 
TEST 73 ARG:90 44 64 51 38 63 18 75 87 92 40 61 2 55 84 0 16 30 96 81 22 73 69 49 85 94 97 19 9 20 23 39 3 35 53 58 11 60 71 79 89 15 78 80 8 17 5 88 65 6 14 12 27 62 46 31 91 41 24 4 98 76 36 93 25 43 21 95 48 10 57 37 34 99 50 56 7 72 1 42 67 70 54 45 68 26 52 74 32 66 77 47 82 28 13 83 59 29 33 86 
TEST 74 ARG:12 90 17 19 96 35 55 29 79 84 60 77 28 46 56 80 18 92 36 11 22 13 27 31 6 43 21 74 61 86 52 76 81 37 93 24 8 82 99 3 62 53 98 10 69 54 89 25 50 95 30 9 32 47 41 0 44 88 49 68 64 66 20 72 83 75 26 71 73 14 39 42 23 97 1 85 94 48 38 63 16 2 70 78 58 7 33 87 91 67 59 4 15 45 57 5 51 34 40 65 
TEST 75 ARG:38 96 35 98 41 4 94 81 11 53 85 67 12 76 55 49 42 71 44 40 92 31 23 69 22 45 84 10 1 8 24 97 99 51 5 19 64 9 26 72 65 95 37 83 73 88 50 79 14 30 62 34 6 28 15 52 54 46 0 74 87 93 27 91 57 16 77 17 29 47 43 90 61 75 63 7 86 3 60 32 2 80 66 33 58 70 21 78 36 13 48 82 89 56 20 18 39 25 68 59 
TEST 76 ARG:2 77 18 90 24 33 68 22 41 34 13 51 95 45 58 27 72 46 38 74 32 85 9 96 47 23 91 10 43 15 35 69 59 31 88 86 70 48 39 84 53 28 6 78 8 29 5 44 66 30 56 63 75 98 52 89 92 99 16 54 4 40 94 87 82 93 0 1 79 12 64 97 76 7 17 21 80 62 67 26 19 65 14 81 73 57 3 25 20 42 83 55 50 49 36 60 71 37 11 61 
TEST 77 ARG:25 15 93 80 11 65 37 24 71 49 31 9 45 68 41 57 87 6 79 0 50 75 88 78 22 63 16 58 89 66 94 36 55 30 20 43 35 39 85 73 17 5 72 53 42 70 86 48 51 91 99 95 40 98 38 83 7 18 29 28 26 76 44 34 81 77 27 97 92 3 60 46 52 61 64 69 13 2 12 90 33 54 56 21 74 8 62 10 32 14 67 19 23 4 96 84 47 1 59 82 
TEST 78 ARG:26 71 21 4 8 92 51 98 33 47 66 56 55 64 87 3 44 37 9 88 73 27 48 72 81 52 83 75 91 29 94 19 89 97 25 24 49 57 34 7 13 14 58 42 62 38 53 35 41 50 45 69 70 78 96 80 54 59 5 36 23 76 82 74 46 2 30 1 85 15 11 10 16 68 65 28 43 99 61 60 86 67 12 17 6 40 95 77 90 63 79 22 31 39 32 84 20 93 18 0 
TEST 79 ARG:95 98 91 43 70 68 65 75 63 34 74 25 15 36 50 20 67 83 59 27 26 53 84 54 1 24 32 90 29 6 28 62 69 11 30 72 13 71 99 81 85 31 82 19 92 23 78 40 22 48 2 47 39 5 88 12 10 58 73 56 57 93 3 51 8 33 61 14 38 35 49 96 87 45 9 55 52 37 66 46 7 80 89 16 86 18 42 76 64 94 97 21 0 77 79 41 44 17 4 60 
TEST 80 ARG:17 1 30 8 15 65 49 36 78 6 98 67 81 66 52 26 82 16 21 29 87 79 75 38 2 91 35 53 39 18 48 83 80 45 61 4 60 56 25 94 46 3 22 23 13 71 19 10 50 9 51 92 95 99 64 74 96 32 69 44 90 68 37 86 63 72 14 24 28 34 62 33 58 77 47 88 0 76 40 27 84 7 12 85 55 41 31 73 20 54 43 42 70 93 97 57 11 89 59 5 
TEST 81 ARG:2 86 13 45 27 29 7 49 47 36 98 15 53 48 6 33 16 28 76 34 82 46 23 38 59 51 88 68 92 25 95 79 32 41 87 26 96 55 9 67 56 99 12 85 24 60 31 84 50 17 5 3 35 4 8 78 10 58 54 90 61 30 22 42 62 65 77 69 43 70 20 37 39 81 72 18 89 83 71 14 94 0 73 21 64 97 40 11 19 91 74 66 80 63 1 75 44 93 52 57 
TEST 82 ARG:30 82 12 89 14 23 17 0 50 99 68 90 87 57 19 44 39 51 4 45 2 75 29 13 9 94 24 62 1 61 38 20 59 88 32 80 91 95 6 27 78 74 34 35 79 55 97 47 18 56 15 54 36 96 53 52 48 93 86 8 58 3 25 7 92 73 70 5 37 40 65 22 69 46 84 77 33 85 81 16 64 21 49 42 11 71 60 67 10 98 41 31 43 63 26 66 76 83 72 28 
TEST 83 ARG:32 13 55 62 54 26 31 99 18 22 2 78 48 89 83 16 96 43 19 20 42 84 29 39 69 37 9 11 79 0 21 77 34 35 67 58 1 71 17 85 90 57 70 47 50 81 5 45 3 53 92 6 51 66 76 52 4 30 86 93 68 33 25 64 80 98 38 27 28 61 88 10 49 14 8 74 75 41 15 46 24 65 44 87 97 73 60 72 95 94 40 23 12 91 59 63 82 36 7 56 
TEST 84 ARG:62 95 54 51 6 16 75 71 17 85 73 69 33 84 37 50 88 34 15 49 86 9 46 27 19 23 67 25 94 92 0 30 45 70 42 58 87 1 66 5 55 79 43 60 3 26 80 7 74 20 8 82 4 52 22 81 28 99 38 53 63 41 32 72 11 48 97 76 93 47 21 77 2 40 59 36 39 12 98 29 68 83 96 18 61 24 91 14 13 31 89 10 78 35 44 90 64 57 56 65 
TEST 85 ARG:8 56 62 94 19 11 24 40 34 55 9 22 93 78 0 97 95 43 39 25 53 18 84 86 64 33 5 32 60 2 77 54 47 1 57 90 51 14 35 7 82 52 3 4 45 91 46 31 36 69 17 99 81 20 66 29 21 58 27 67 6 76 12 63 49 98 38 87 26 41 10 16 89 44 88 23 73 71 72 61 92 68 50 70 37 83 79 48 80 96 75 74 13 28 59 42 85 30 15 65 
TEST 86 ARG:55 52 94 32 23 5 15 9 19 65 4 61 80 47 53 39 91 60 76 43 40 16 48 78 26 72 99 75 27 63 66 44 62 11 17 93 58 56 7 45 34 24 71 64 77 49 28 29 86 90 33 12 3 57 50 98 36 84 81 6 54 14 18 74 20 46 68 22 51 38 87 21 13 92 42 69 79 73 96 82 2 88 89 85 0 8 35 25 41 10 95 30 67 37 1 83 59 31 70 97 
TEST 87 ARG:77 13 45 3 98 42 22 19 62 7 26 95 91 47 66 16 68 58 88 32 69 25 43 44 57 30 10 49 72 59 35 24 81 85 61 89 93 97 83 90 9 99 63 80 34 87 0 65 8 78 76 70 39 74 82 46 4 15 33 50 20 17 37 52 94 75 84 79 5 41 92 73 31 64 56 40 2 96 27 38 12 18 48 1 55 23 86 51 60 67 36 21 29 71 54 6 28 53 14 11 
TEST 88 ARG:32 24 43 92 60 36 29 48 46 18 80 30 98 90 2 49 73 53 91 76 45 70 54 42 19 38 81 89 72 87 8 12 4 28 27 41 61 22 40 10 15 33 37 62 13 84 34 39 58 55 9 96 31 95 65 1 23 77 56 3 44 63 50 26 16 68 79 88 0 97 94 85 47 83 52 25 74 20 57 51 64 5 59 69 7 11 78 35 86 14 82 17 67 6 93 66 99 71 21 75 
TEST 89 ARG:34 85 86 80 57 50 32 44 25 30 53 0 45 63 71 26 55 83 46 96 54 72 3 70 69 15 9 20 22 5 36 51 40 61 68 43 27 67 59 88 35 31 47 7 89 73 13 23 29 98 33 48 74 62 16 90 78 18 93 4 60 49 17 28 94 12 92 6 56 65 99 64 82 2 79 91 76 38 21 14 8 87 77 81 97 66 95 42 11 41 58 37 1 39 75 52 24 84 19 10 
TEST 90 ARG:99 9 95 17 34 42 64 84 73 6 81 30 89 43 60 29 4 52 80 61 24 69 57 56 14 0 50 28 91 62 72 37 41 93 12 79 5 44 46 94 11 74 39 26 98 55 53 66 83 47 85 78 40 82 25 31 92 49 75 27 59 23 13 86 10 20 63 90 8 15 21 2 3 65 67 48 1 70 87 77 16 68 96 19 32 33 36 76 58 45 22 97 51 7 54 38 88 18 71 35 
TEST 91 ARG:39 83 67 96 34 36 2 60 35 25 99 68 98 50 44 77 53 9 90 43 28 86 5 80 56 88 42 79 64 15 66 55 52 72 94 85 18 1 21 41 26 14 8 20 7 71 48 92 69 61 65 40 82 58 63 84 6 46 59 76 12 10 33 30 3 57 23 97 37 17 27 19 93 22 70 89 38 31 62 78 32 51 81 74 4 91 95 29 47 0 87 73 45 24 11 13 16 75 49 54 
TEST 92 ARG:38 29 25 22 45 46 9 26 66 21 57 3 87 81 80 43 34 17 49 2 31 4 35 1 88 23 68 89 56 54 70 40 27 79 11 71 75 18 24 41 28 58 98 61 76 94 33 82 78 53 84 96 10 0 90 39 16 64 67 59 55 48 60 62 30 20 36 32 14 86 85 77 99 93 97 52 92 5 6 37 50 7 63 8 69 47 15 73 42 74 91 72 13 12 65 95 51 44 83 19 
TEST 93 ARG:69 50 23 82 89 24 85 72 8 11 30 33 56 12 15 63 91 51 86 46 90 31 93 55 19 61 32 36 14 58 0 83 53 25 10 21 52 37 16 35 75 41 39 59 9 47 76 97 88 54 28 64 74 60 7 99 13 92 78 42 5 17 20 1 77 71 80 3 70 68 65 62 67 94 45 57 22 73 66 6 48 81 49 34 29 84 79 27 95 43 44 4 26 98 96 18 2 38 40 87 
TEST 94 ARG:16 81 23 91 53 96 25 60 21 34 99 88 43 70 78 73 66 47 13 48 98 61 79 8 80 74 24 69 64 94 1 72 89 57 97 2 33 65 59 29 32 83 51 50 86 76 15 85 62 75 45 42 19 11 49 54 84 44 20 52 95 56 5 92 22 90 40 4 35 41 6 14 7 67 87 28 31 30 68 58 27 36 9 10 17 39 0 82 71 46 18 38 37 26 63 12 3 93 77 55 
TEST 95 ARG:34 98 49 95 32 58 9 39 87 21 25 23 30 85 61 56 28 13 90 66 92 0 47 29 88 89 73 36 78 41 65 83 27 96 57 6 7 44 24 37 54 43 4 18 42 80 33 55 84 76 99 46 12 3 40 97 82 81 59 48 15 51 62 45 14 67 77 1 60 10 2 50 20 79 68 31 35 26 69 22 19 70 75 74 72 17 64 91 38 16 71 11 8 94 63 53 5 52 93 86 
TEST 96 ARG:23 59 72 7 91 57 78 9 40 11 50 87 21 39 37 82 33 42 25 36 48 31 96 16 73 27 56 80 38 64 58 69 4 79 67 60 76 2 74 99 13 66 10 14 63 3 98 90 53 52 55 95 54 46 62 68 34 1 12 20 15 89 77 35 85 22 5 88 94 84 51 75 43 19 28 0 29 65 97 32 8 86 26 45 83 61 30 44 92 81 47 18 71 70 24 49 41 6 17 93 
TEST 97 ARG:43 62 82 54 78 26 95 10 13 84 31 16 75 98 4 21 74 8 46 6 66 60 92 88 70 71 52 64 90 69 3 72 67 93 39 34 7 49 76 50 59 22 27 9 63 61 18 35 14 86 25 5 0 32 68 23 41 80 77 42 81 48 55 19 29 30 73 94 17 38 12 44 24 83 40 57 47 91 15 1 89 20 87 58 36 53 28 37 33 85 99 97 11 56 96 79 51 45 2 65 
TEST 98 ARG:51 53 95 36 85 37 7 88 83 70 76 4 89 50 5 56 46 66 18 17 79 2 98 60 45 65 22 92 69 13 14 71 57 81 0 29 94 47 40 26 28 11 80 43 58 90 54 3 72 44 9 32 38 74 55 59 33 16 25 61 97 77 8 75 63 67 35 62 64 31 30 84 78 24 49 87 41 68 73 23 20 91 48 99 12 21 10 1 82 39 93 42 15 86 6 52 34 27 96 19 
TEST 99 ARG:91 20 18 34 14 40 60 26 22 0 8 81 78 85 69 66 70 48 79 13 45 47 54 68 43 3 32 15 39 93 37 95 25 64 86 4 67 30 7 51 5 50 96 74 80 73 21 65 58 53 82 10 92 75 77 28 56 17 76 33 27 94 11 97 38 88 83 41 6 62 49 87 2 99 71 72 57 16 46 89 61 55 63 42 90 1 59 35 52 44 12 24 84 36 29 9 19 23 98 31 
TEST 100 ARG:81 55 70 97 98 69 12 10 47 32 21 88 16 76 46 63 54 33 96 18 52 77 87 82 42 51 45 26 78 14 30 4 79 25 19 67 65 39 3 28 53 62 37 58 13 31 66 20 24 48 84 99 85 40 72 74 94 1 57 59 91 64 27 86 61 60 35 80 71 11 8 56 36 50 68 38 92 49 17 23 73 29 2 83 89 44 9 43 34 95 15 75 7 5 22 6 0 41 90 93 
TEST 101 ARG:55 46 88 71 63 18 90 3 19 99 98 73 22 80 42 82 20 11 58 74 25 10 94 56 54 27 34 48 9 23 24 4 29 92 38 70 45 2 40 13 21 77 32 57 16 6 66 72 83 39 35 31 65 62 79 95 37 87 61 91 53 97 51 7 52 89 17 96 78 93 41 33 43 69 0 15 67 50 81 49 44 28 30 26 59 85 8 86 76 75 47 68 36 60 84 1 5 64 12 14 
TEST 102 ARG:5 41 8 78 79 84 50 88 54 46 4 63 62 45 21 43 16 44 53 20 96 39 70 94 89 37 86 60 67 91 93 40 28 33 76 24 12 2 87 55 66 6 81 14 64 11 97 32 75 98 74 47 56 71 34 31 49 73 25 22 13 92 83 52 59 57 48 68 38 72 90 29 61 27 23 69 26 10 42 15 17 82 19 58 36 95 7 35 0 51 30 3 80 1 65 77 85 9 99 18 
TEST 103 ARG:35 57 36 97 53 40 24 59 9 42 23 85 60 55 68 10 65 52 17 0 19 70 80 32 48 49 14 75 98 33 37 16 84 99 76 38 77 39 45 27 44 94 95 15 78 58 66 64 4 90 56 28 69 62 93 13 1 87 18 91 46 81 50 47 20 3 7 22 88 72 21 29 26 2 41 92 34 43 96 83 79 54 71 30 5 6 73 12 31 86 74 25 89 67 8 82 11 51 61 63 
TEST 104 ARG:7 76 61 59 71 86 27 57 21 39 4 89 41 83 94 45 92 88 90 93 64 47 56 32 95 53 50 28 15 9 55 62 18 17 79 11 65 98 99 60 37 66 5 2 38 51 29 87 75 52 58 42 81 49 22 68 30 40 67 13 33 84 36 0 16 85 70 20 23 78 1 72 97 43 14 34 73 8 96 26 80 91 24 12 25 69 3 54 35 46 74 6 19 48 82 10 44 31 63 77 
TEST 105 ARG:86 20 64 21 84 97 32 27 15 95 8 54 79 1 51 38 6 66 28 4 14 75 31 11 33 70 60 85 65 59 69 3 80 49 35 2 45 90 55 98 48 91 58 82 7 44 34 76 12 67 17 89 26 87 0 99 88 62 53 71 29 25 96 83 77 18 41 81 42 56 72 22 23 57 78 10 30 93 94 40 73 5 74 39 19 46 43 61 13 36 52 63 37 47 92 24 50 16 9 68 
TEST 106 ARG:29 53 8 13 79 33 56 88 82 12 67 24 30 23 62 27 75 72 95 42 49 55 61 84 46 50 17 57 43 97 48 28 40 64 90 87 69 83 78 20 51 41 77 38 10 92 5 25 58 96 86 39 59 45 91 36 32 15 3 81 11 76 52 80 19 21 94 71 7 31 89 16 74 99 47 60 85 26 70 0 37 65 66 54 68 1 4 9 2 22 98 73 14 44 63 93 35 18 6 34 
TEST 107 ARG:54 73 43 98 38 47 29 27 63 77 5 8 45 50 44 11 82 32 0 78 22 89 81 99 6 85 70 14 30 2 95 12 86 15 7 10 66 37 25 17 24 64 96 13 1 67 41 93 91 97 26 40 42 33 74 48 21 88 36 39 20 34 51 90 16 58 35 53 84 61 4 72 23 19 76 79 62 87 68 3 49 31 46 52 18 9 56 57 94 75 83 92 69 80 59 65 71 60 55 28 
TEST 108 ARG:41 66 85 21 98 8 89 56 69 5 28 97 33 31 44 91 99 16 67 45 48 19 39 63 36 30 57 10 59 0 29 12 94 35 2 38 24 20 4 71 32 26 15 78 60 11 51 54 47 72 53 64 82 22 46 49 90 70 77 18 95 81 6 42 40 7 52 37 27 25 75 76 14 96 55 23 93 17 43 62 86 92 80 88 73 87 3 9 79 1 34 68 65 58 84 13 74 50 83 61 
TEST 109 ARG:25 44 54 85 62 2 60 26 89 75 0 21 65 52 80 20 79 29 11 97 70 53 96 78 35 30 46 87 56 55 28 48 74 1 45 72 73 7 16 23 49 59 95 69 41 18 19 13 82 14 39 47 57 4 99 93 61 81 36 98 90 76 38 71 42 12 88 86 63 32 68 64 24 22 33 50 92 91 37 8 27 40 3 5 66 6 94 34 67 31 10 51 77 15 83 9 43 58 84 17 
TEST 110 ARG:56 78 18 19 75 22 52 88 98 85 73 92 36 86 57 55 43 23 0 7 74 94 44 63 60 29 31 6 77 27 69 68 32 65 40 54 21 97 24 35 66 33 10 93 5 9 58 39 2 46 28 20 59 38 96 13 41 42 72 70 37 91 67 25 89 90 16 64 11 81 99 30 62 8 15 34 79 26 48 4 80 84 49 17 47 12 87 76 50 14 3 1 83 61 71 53 82 51 95 45 
TEST 111 ARG:26 5 33 99 34 41 67 7 54 70 16 52 19 65 86 78 29 85 36 20 31 1 58 87 51 88 27 60 75 84 8 38 56 11 80 95 69 40 9 83 32 42 3 90 63 53 22 44 49 13 68 10 76 6 77 64 93 50 89 43 74 21 57 66 47 0 62 24 81 46 25 82 45 15 72 28 4 71 17 97 55 23 12 39 98 79 14 73 92 2 59 94 35 37 18 96 91 30 61 48 
TEST 112 ARG:23 40 86 89 18 67 17 33 50 91 55 45 36 96 13 73 74 21 9 62 15 58 44 24 42 72 0 83 11 16 3 64 94 25 59 76 20 69 98 22 7 12 90 57 4 34 92 51 39 78 75 56 77 14 52 66 63 60 93 70 85 29 26 87 71 68 97 6 31 43 41 37 88 30 84 8 38 65 32 5 79 49 95 28 27 54 82 99 1 47 10 35 61 2 81 19 46 53 80 48 
TEST 113 ARG:69 44 39 0 17 96 63 40 42 15 33 98 93 54 72 28 11 35 90 27 45 61 83 74 43 2 66 53 65 99 26 20 86 77 89 13 84 1 41 50 79 30 57 95 29 56 4 52 32 46 12 48 22 87 5 34 6 85 49 97 21 59 14 81 67 80 71 37 55 51 78 23 68 24 31 3 16 94 75 38 19 8 60 88 73 36 9 62 91 18 76 58 10 25 92 70 47 7 82 64 
TEST 114 ARG:96 76 51 84 30 54 22 86 31 36 20 27 32 83 41 24 5 13 78 4 85 70 1 74 28 65 58 40 97 10 72 17 46 15 9 26 8 39 63 62 38 57 19 12 90 71 35 69 42 61 60 11 81 50 0 43 55 33 68 48 87 67 37 64 89 92 14 95 52 82 77 34 73 93 91 3 21 79 98 23 66 47 6 18 7 45 88 75 80 56 2 59 29 99 25 16 44 49 94 53 
TEST 115 ARG:34 85 75 61 62 64 15 2 10 14 91 96 84 56 20 70 22 9 27 7 80 76 87 16 82 67 81 49 51 53 48 45 52 32 89 83 18 78 3 54 12 66 79 71 23 86 25 59 69 92 1 30 33 63 5 68 39 13 29 58 44 6 72 37 95 42 21 90 77 41 50 46 73 55 28 0 24 19 93 17 99 35 43 88 31 57 60 26 40 4 94 65 36 74 97 47 38 98 11 8 
TEST 116 ARG:91 77 63 94 64 87 98 90 60 81 5 27 14 54 13 67 66 70 1 62 20 99 57 75 35 0 73 50 65 39 69 52 74 28 72 7 4 19 53 15 29 3 92 51 36 24 22 86 85 9 49 58 83 23 18 11 33 21 46 17 79 42 59 76 88 6 55 45 12 37 43 68 61 78 71 84 38 8 40 34 16 48 30 31 96 97 32 89 25 95 10 26 47 44 82 93 56 2 80 41 
TEST 117 ARG:23 82 43 39 56 79 87 83 69 13 4 91 32 11 30 60 24 26 58 90 38 85 15 5 67 97 96 21 27 33 36 18 10 81 28 51 35 44 93 75 61 9 80 65 70 88 94 48 14 54 40 57 6 99 20 31 0 78 76 86 74 50 8 66 2 68 73 34 46 49 25 71 41 77 62 84 98 72 95 19 22 45 29 7 89 12 52 63 53 37 3 47 92 64 17 42 59 55 16 1 
TEST 118 ARG:7 0 6 79 29 84 30 47 95 59 18 19 65 90 38 11 39 75 69 35 9 77 26 58 70 42 91 25 36 31 41 68 2 96 37 43 78 21 50 23 56 86 34 76 14 28 67 44 55 22 17 98 53 92 81 94 80 64 5 88 60 27 40 46 93 71 13 61 89 15 20 24 4 99 74 52 57 8 33 51 87 66 73 48 83 32 10 97 82 3 16 49 45 85 63 72 12 62 1 54 
TEST 119 ARG:47 37 17 28 97 35 10 90 69 74 79 21 48 94 36 45 54 19 59 32 40 64 89 77 14 31 83 22 72 44 65 50 96 73 15 56 26 80 85 2 55 66 38 34 18 71 67 61 39 46 29 86 12 30 9 4 87 68 63 91 62 42 0 13 99 92 98 58 78 8 53 43 25 95 20 41 49 75 60 23 7 93 1 51 3 82 70 11 6 5 81 88 52 57 27 33 16 76 84 24 
TEST 120 ARG:47 96 14 69 91 62 22 84 42 48 73 97 37 87 79 32 12 44 93 99 67 7 25 52 6 11 24 64 78 72 86 75 60 68 17 82 41 28 55 80 0 8 89 3 19 95 35 74 94 77 81 31 30 18 49 58 36 70 20 33 71 63 88 34 26 92 98 27 38 85 40 13 5 39 66 61 54 76 45 56 10 1 21 29 15 83 90 65 4 2 51 43 46 57 16 53 23 50 59 9 
TEST 121 ARG:22 72 55 12 16 37 54 67 6 86 98 4 25 69 95 21 17 52 43 83 39 35 9 77 1 7 34 33 18 82 27 3 44 73 65 91 11 99 13 63 96 88 23 50 30 40 78 87 47 49 56 32 19 85 51 74 29 42 61 53 45 46 90 97 36 92 60 89 57 79 0 41 48 31 20 2 26 8 94 28 62 80 76 70 59 38 58 71 66 10 15 93 14 84 5 75 24 68 81 64 
TEST 122 ARG:28 9 25 63 45 71 8 30 96 10 52 86 29 97 15 75 55 4 17 37 1 68 22 44 82 92 95 0 47 99 46 50 90 49 53 72 13 12 7 36 87 76 69 79 3 73 88 23 81 58 38 24 48 42 19 54 93 26 27 40 11 43 78 56 77 74 16 34 89 18 60 33 2 84 41 5 65 66 64 62 85 51 57 67 39 94 20 61 14 80 32 35 83 31 91 70 21 98 59 6 
TEST 123 ARG:3 58 69 66 17 21 28 62 57 25 86 90 48 53 42 46 26 40 29 97 38 95 50 47 44 8 54 70 63 10 89 0 24 1 92 35 88 60 13 31 11 74 65 82 77 91 94 85 14 64 84 56 73 4 55 80 12 27 79 72 43 9 33 83 22 96 18 2 37 16 67 81 36 59 68 19 49 23 98 61 39 45 6 5 71 93 41 76 30 52 32 15 20 78 75 87 34 99 51 7 
TEST 124 ARG:85 18 31 62 83 74 49 28 93 40 11 5 98 94 78 34 87 84 14 59 95 73 33 43 12 82 23 97 20 41 92 39 68 91 38 27 61 22 77 52 21 48 66 47 30 86 57 60 42 3 75 45 99 58 63 44 13 10 25 80 37 65 54 81 55 16 32 72 96 9 36 8 15 56 76 70 17 29 26 88 46 6 35 67 89 19 24 79 69 0 64 53 51 1 71 4 50 7 2 90 
TEST 125 ARG:86 95 35 89 92 94 13 17 73 5 41 77 87 84 75 33 25 10 78 6 55 7 88 1 47 22 27 32 99 57 38 80 63 65 62 3 97 21 9 82 2 58 39 14 42 11 69 91 81 53 20 66 4 51 79 96 31 8 56 85 15 98 64 90 46 49 83 50 40 74 72 44 76 43 28 60 37 23 12 0 61 18 48 70 71 30 68 26 36 67 16 93 59 29 34 24 45 19 54 52 
TEST 126 ARG:99 23 32 4 62 92 50 95 65 79 51 81 53 71 52 83 2 63 3 40 15 44 68 86 64 88 12 47 89 11 30 80 35 91 41 39 75 77 54 70 25 82 48 22 43 97 56 14 72 58 21 57 1 90 9 94 76 36 66 24 19 8 27 42 26 59 74 13 87 34 69 96 61 17 10 5 84 78 98 46 6 33 67 37 31 29 45 16 49 18 7 55 60 38 28 85 73 93 0 20 
TEST 127 ARG:35 40 63 46 71 87 89 29 4 6 15 21 80 24 30 67 34 59 96 61 70 36 3 32 81 25 82 56 53 55 48 33 74 86 31 49 5 57 1 73 45 76 8 10 72 78 75 39 95 16 38 9 93 83 90 22 17 84 14 47 44 2 23 66 18 65 54 0 37 92 88 94 99 68 77 28 79 42 97 69 27 7 20 19 98 26 41 91 51 13 52 62 50 60 43 11 12 85 64 58 
TEST 128 ARG:22 33 88 92 58 73 5 82 56 65 38 54 9 28 39 96 91 75 48 47 62 49 76 55 50 20 19 71 99 72 14 57 90 40 36 60 23 52 93 61 43 24 83 7 32 85 17 95 29 8 63 18 94 97 81 53 35 74 89 26 3 31 51 59 42 1 66 41 87 13 16 37 64 34 30 79 0 84 21 27 25 46 4 80 77 2 98 15 78 68 70 45 67 6 10 11 69 12 86 44 
TEST 129 ARG:25 59 7 28 96 82 14 62 95 0 71 38 66 41 43 83 94 70 29 8 86 57 56 12 18 53 24 51 72 99 10 93 20 45 44 5 73 33 80 88 47 91 58 23 79 54 15 97 78 9 35 30 85 61 65 49 1 87 74 26 17 34 52 77 2 37 32 84 92 98 13 46 90 64 81 67 55 11 42 31 69 39 40 3 6 4 63 89 16 36 27 21 75 68 22 48 19 50 76 60 
TEST 130 ARG:42 5 26 83 79 22 46 61 14 67 84 4 21 48 8 68 57 15 51 54 1 75 98 45 52 71 74 58 32 49 55 3 94 69 95 31 0 33 16 19 10 86 24 25 88 12 97 7 93 34 60 64 81 66 11 18 77 41 92 6 37 38 40 20 43 29 30 73 76 39 2 53 90 70 85 13 17 23 91 36 72 47 96 89 27 80 99 63 56 44 59 35 82 28 50 65 78 9 87 62 
TEST 131 ARG:28 58 1 12 45 64 48 10 61 15 23 19 6 53 52 9 57 95 97 82 90 71 67 76 40 16 35 26 13 72 20 94 92 77 68 24 34 8 83 31 69 65 80 42 98 91 62 17 87 93 59 96 51 78 88 3 39 75 46 54 29 43 38 0 11 18 81 33 60 66 73 86 56 85 2 37 99 14 70 74 89 50 30 84 4 32 25 5 22 36 79 44 47 63 7 55 21 41 49 27 
TEST 132 ARG:35 94 89 37 52 96 47 98 97 57 42 20 43 77 65 17 54 39 73 51 58 59 32 83 62 41 93 80 9 87 24 82 71 2 53 84 44 67 74 34 8 25 45 66 14 40 22 81 30 72 29 95 56 69 19 23 21 36 10 68 92 7 4 60 86 79 75 91 15 55 11 49 78 5 63 50 18 0 6 76 27 28 61 85 31 33 13 1 26 12 16 64 38 3 70 99 88 46 48 90 
TEST 133 ARG:38 47 89 95 60 71 55 75 35 97 23 37 22 16 99 7 54 28 53 6 4 27 24 85 45 70 91 56 20 98 52 44 15 9 43 1 8 69 33 82 78 26 11 64 46 40 65 2 0 84 3 93 51 12 80 90 57 87 59 13 36 5 48 94 67 83 34 77 50 21 19 63 58 74 86 39 76 61 32 66 92 25 62 81 17 49 96 73 14 29 72 68 88 42 18 31 10 79 30 41 
TEST 134 ARG:28 41 59 67 9 40 47 25 30 33 49 81 89 95 66 82 79 64 42 2 56 62 7 92 38 68 15 83 14 93 69 5 86 90 32 71 39 35 20 78 61 77 43 55 74 12 98 73 70 88 11 17 76 22 6 18 44 46 36 57 27 3 65 23 45 97 51 29 91 53 19 21 75 4 8 85 13 24 10 50 52 60 58 26 34 84 54 94 72 0 96 99 63 48 16 31 87 37 80 1 
TEST 135 ARG:57 64 12 8 55 70 39 22 53 13 77 4 67 0 74 97 45 5 40 48 32 80 33 27 47 28 91 46 62 76 79 98 34 31 35 16 54 11 18 41 60 85 29 25 44 30 92 2 66 73 15 68 23 43 63 96 1 17 36 78 86 89 42 94 71 26 19 20 90 99 10 58 7 61 56 37 75 14 72 24 65 95 21 3 83 59 51 81 50 6 88 38 49 69 52 87 84 9 82 93 
TEST 136 ARG:74 80 71 39 83 58 42 77 2 13 81 1 94 22 37 63 40 86 25 61 52 53 73 79 28 87 16 47 41 97 50 14 65 48 8 18 55 34 78 64 3 66 84 99 96 54 67 26 12 76 7 69 89 62 46 93 5 45 95 0 75 23 35 32 19 43 90 51 44 56 29 17 59 10 91 92 15 6 38 72 82 33 49 98 30 21 36 60 88 24 57 70 27 4 20 9 68 11 85 31 
TEST 137 ARG:40 46 27 52 17 82 22 74 50 78 1 35 34 76 87 77 86 89 95 44 6 12 10 7 20 56 43 39 92 91 62 96 8 24 98 5 60 83 65 14 57 37 75 54 66 32 28 99 13 51 58 25 70 71 81 73 23 49 18 94 11 29 53 19 38 3 4 45 36 15 42 21 55 2 0 30 85 48 69 33 31 68 59 90 93 67 97 79 88 41 84 47 9 64 80 61 63 26 72 16 
TEST 138 ARG:78 15 34 98 51 14 26 8 84 80 17 18 52 92 95 86 36 88 69 29 57 63 22 42 82 0 83 97 79 33 38 30 25 89 58 73 62 94 56 39 67 53 13 40 59 45 31 90 19 99 64 61 65 66 72 96 3 1 55 41 10 35 85 75 46 37 28 74 2 43 27 93 71 76 91 7 50 32 70 60 9 11 20 4 24 6 87 12 81 16 49 21 47 48 23 68 44 77 54 5 
TEST 139 ARG:82 38 16 67 28 27 79 75 0 1 44 94 34 78 97 14 98 6 4 66 83 89 2 77 24 29 62 65 26 54 45 70 76 21 80 9 19 69 40 43 10 84 41 31 18 58 72 12 8 57 53 88 13 86 81 7 20 3 30 99 90 52 5 91 15 17 63 71 23 60 48 85 32 33 64 46 39 96 51 11 49 22 87 92 36 42 59 68 61 25 35 50 47 74 56 37 95 55 93 73 
TEST 140 ARG:80 21 99 24 10 66 25 85 78 36 57 54 71 65 22 86 77 52 55 31 58 53 88 38 39 87 11 50 92 35 9 74 14 28 17 83 63 26 23 34 41 69 49 75 32 7 56 95 97 5 91 89 81 43 90 76 51 18 29 68 64 2 48 3 1 16 13 72 96 47 94 44 4 37 98 6 59 27 40 61 79 33 93 73 45 42 60 30 46 0 67 15 12 19 62 84 8 82 70 20 
TEST 141 ARG:41 89 50 45 61 10 3 57 39 90 5 56 31 60 88 44 72 46 20 6 55 9 7 40 18 13 36 35 26 51 37 47 63 4 73 91 95 15 76 71 86 48 49 74 93 94 58 81 22 78 99 12 21 87 38 1 43 34 17 25 29 32 85 70 59 65 96 98 83 84 23 14 66 79 92 8 2 30 97 62 69 64 68 75 82 42 28 33 11 16 24 52 67 80 19 54 53 77 0 27 
TEST 142 ARG:60 88 46 57 91 13 97 48 89 49 53 92 0 25 79 17 19 64 47 22 65 5 44 12 52 93 76 68 42 74 7 30 94 37 2 27 98 24 99 84 51 15 32 78 83 28 34 59 70 14 20 61 81 6 10 96 8 50 31 55 33 71 75 56 90 62 40 67 36 18 9 85 35 41 11 66 1 82 87 4 26 58 86 95 63 69 29 43 73 3 54 16 80 38 45 23 72 39 21 77 
TEST 143 ARG:73 74 53 1 76 56 23 37 63 47 75 57 67 25 20 19 80 60 54 2 50 39 6 77 87 82 64 16 70 99 65 86 62 4 11 94 35 97 59 83 78 69 9 29 32 8 89 90 52 51 27 45 17 24 0 13 55 43 68 33 92 3 48 84 93 95 30 85 49 41 42 7 31 21 91 58 10 15 5 88 71 38 34 81 98 46 18 40 44 14 36 12 79 28 96 61 72 26 66 22 
TEST 144 ARG:94 31 21 64 43 0 56 62 19 25 29 85 74 33 28 91 17 52 15 86 95 34 5 11 70 30 75 7 10 65 20 42 40 89 24 13 77 63 60 44 99 81 96 72 37 73 12 92 1 55 2 14 78 46 27 83 26 32 54 48 97 4 61 84 6 80 57 36 71 35 41 87 8 67 79 3 69 22 9 76 49 45 39 59 98 51 47 50 68 88 90 58 93 66 16 23 18 53 38 82 
TEST 145 ARG:39 66 50 49 48 2 74 32 45 81 1 80 28 29 99 57 12 16 70 31 38 72 37 64 79 90 27 63 59 94 5 14 88 0 76 42 75 24 68 23 25 71 46 43 96 34 17 92 41 6 86 67 89 69 40 35 20 33 52 97 11 58 21 83 30 19 78 91 93 98 10 3 22 53 51 65 84 7 47 44 87 73 4 26 82 54 95 55 9 15 13 8 60 77 18 36 62 61 56 85 
TEST 146 ARG:77 33 28 63 43 17 39 67 69 45 31 13 86 87 89 15 55 59 51 84 12 52 29 37 46 42 94 3 14 75 26 7 91 74 56 25 40 21 80 35 0 49 58 47 30 54 24 73 78 27 2 66 72 18 85 4 97 11 6 68 22 8 90 10 36 20 60 96 88 5 83 99 95 70 71 53 50 79 81 57 32 62 65 9 38 76 16 44 1 64 34 92 98 19 48 82 93 23 61 41 
TEST 147 ARG:35 3 88 86 39 40 13 4 82 26 28 87 47 7 75 59 53 18 14 69 63 5 20 80 85 36 49 31 15 12 65 67 19 76 50 43 27 98 70 46 54 29 32 96 83 34 84 95 25 61 44 41 56 52 91 93 42 60 62 90 17 64 79 8 24 9 21 66 30 57 11 81 6 71 45 58 55 0 38 37 97 92 77 72 1 16 99 74 68 94 78 73 23 89 33 48 22 51 2 10 
TEST 148 ARG:98 75 24 82 30 46 84 48 83 22 74 77 55 42 96 95 73 99 56 47 7 50 38 34 54 62 6 59 71 8 64 90 32 69 85 53 41 11 94 0 58 79 16 27 19 52 2 23 10 18 25 81 13 91 5 97 76 36 72 21 12 70 39 9 28 4 86 45 3 60 57 87 88 44 14 35 40 1 93 33 43 15 65 29 26 37 66 61 67 49 51 31 17 89 78 80 68 63 92 20 
TEST 149 ARG:51 80 8 57 36 62 42 46 84 21 81 25 0 74 61 53 20 73 22 91 67 1 85 45 38 11 2 83 29 27 58 92 79 15 97 5 56 78 44 54 9 96 24 39 88 68 82 13 55 4 75 26 31 3 37 49 94 72 34 16 18 65 28 33 90 52 48 41 69 32 99 19 64 7 47 35 43 14 76 66 30 93 86 71 6 23 63 12 59 17 50 40 95 60 89 10 98 87 70 77 
TEST 150 ARG:87 58 22 73 69 21 60 3 24 77 90 70 96 85 49 51 75 9 50 98 36 40 7 5 76 84 38 74 81 63 99 83 8 92 61 0 30 82 34 86 28 23 16 13 97 57 4 14 27 95 56 29 65 91 46 20 11 37 10 48 62 64 41 1 39 59 43 18 26 54 2 47 17 72 42 93 44 68 6 79 33 53 67 89 31 71 19 45 12 35 25 66 15 94 52 88 78 32 80 55 
TEST 151 ARG:2 75 44 72 27 74 67 3 16 28 80 23 82 13 68 85 57 24 30 29 25 90 73 86 39 0 88 98 33 31 70 54 12 45 69 94 32 34 61 97 40 65 36 42 20 55 50 62 17 59 92 9 1 21 51 5 4 76 43 14 60 10 83 48 7 77 96 79 71 58 66 41 15 47 81 95 87 19 26 8 93 52 78 22 18 64 63 53 56 89 35 6 37 38 46 11 91 84 49 99 
TEST 152 ARG:38 76 42 35 19 99 26 61 75 29 94 53 2 86 97 55 64 15 63 25 89 27 59 28 52 62 5 12 58 95 69 16 43 23 92 67 18 81 56 3 85 90 65 13 96 30 20 54 50 60 66 73 77 79 24 93 17 9 84 68 6 37 57 48 71 33 14 46 41 80 72 45 10 91 98 70 83 40 39 88 0 11 34 51 82 78 7 44 36 1 32 74 47 4 87 31 21 8 22 49 
TEST 153 ARG:30 1 28 84 79 0 48 18 15 68 97 12 2 94 92 16 7 65 95 49 27 86 37 17 22 8 67 87 74 35 50 60 41 32 55 57 69 56 39 54 5 72 59 83 40 77 20 42 26 43 96 99 29 34 91 70 89 11 80 4 64 85 24 58 33 90 98 45 9 88 53 25 36 63 73 44 31 78 47 23 10 13 66 71 38 82 75 81 76 46 21 3 6 14 93 51 52 62 19 61 
TEST 154 ARG:57 37 22 42 46 47 56 27 99 34 53 45 81 75 66 10 68 89 50 44 83 69 30 16 48 82 31 1 73 38 18 26 70 4 8 5 15 67 78 97 35 7 9 58 19 43 23 24 32 63 74 33 40 96 25 94 41 60 95 72 59 77 2 29 64 61 84 93 85 0 17 11 20 49 92 65 87 80 36 88 12 39 54 91 98 90 51 79 86 76 13 6 28 71 52 3 14 55 62 21 
TEST 155 ARG:69 16 80 62 84 90 65 40 91 72 78 76 8 56 86 47 23 70 0 49 51 81 82 20 33 58 96 61 59 75 18 53 98 19 94 39 6 28 46 37 73 5 15 35 74 97 89 71 54 32 77 92 30 55 9 41 44 38 3 13 21 4 11 10 57 1 14 42 2 79 88 48 63 22 27 45 34 50 60 83 29 7 99 87 52 64 12 93 67 25 85 24 68 26 95 17 31 36 43 66 
TEST 156 ARG:40 22 69 54 65 3 53 37 48 32 61 11 51 88 2 80 24 52 47 44 73 27 38 55 63 9 16 21 98 64 76 97 67 8 96 25 42 58 12 84 4 85 49 94 15 70 28 6 89 60 1 74 10 33 17 23 92 31 93 75 62 45 35 81 83 26 18 36 86 7 59 5 13 14 39 43 95 71 77 41 30 29 82 66 87 72 90 50 91 57 79 78 0 99 56 46 19 34 20 68 
TEST 157 ARG:62 1 3 64 31 4 42 89 28 5 53 87 7 83 61 19 99 23 0 41 25 39 52 51 21 27 71 85 74 38 47 43 15 70 82 9 97 26 91 50 30 20 24 17 46 77 86 45 93 57 73 68 92 40 2 88 33 96 11 90 32 84 80 60 95 78 63 67 65 12 55 79 94 81 10 22 75 56 34 76 18 66 8 13 48 58 6 59 69 54 44 35 16 36 72 98 29 49 37 14 
TEST 158 ARG:25 52 6 89 41 94 51 16 45 74 57 71 64 88 83 28 80 70 58 82 46 40 49 76 99 12 84 86 72 68 8 29 22 73 32 23 9 63 79 11 7 75 47 54 65 37 1 36 81 85 39 69 91 17 15 34 10 61 50 5 19 55 13 92 3 87 62 21 18 66 42 24 2 95 77 93 38 53 20 60 31 0 67 30 33 43 97 44 78 96 59 56 48 27 14 90 4 35 26 98 
TEST 159 ARG:1 79 14 15 37 23 42 46 88 13 70 83 54 4 80 96 36 39 30 93 97 71 69 44 76 75 40 28 95 5 43 45 18 92 10 58 56 94 27 21 52 68 86 17 67 47 9 91 99 66 77 0 35 12 29 64 51 87 78 81 89 3 38 26 2 33 34 59 19 50 16 62 7 22 20 24 82 31 57 8 73 41 84 72 25 49 63 90 85 98 32 53 74 48 55 6 61 65 11 60 
TEST 160 ARG:86 88 19 42 1 55 21 71 39 50 31 93 32 73 35 84 18 3 25 67 40 41 2 46 10 65 29 33 61 79 4 77 82 80 68 20 9 78 89 52 5 98 99 26 90 43 36 62 24 70 96 34 87 83 45 14 0 7 74 48 49 64 22 27 13 59 12 38 63 51 81 57 11 53 72 54 60 23 30 97 69 47 75 66 94 17 92 91 8 56 85 58 95 16 76 6 15 28 37 44 
TEST 161 ARG:96 81 41 80 28 70 35 69 49 76 91 82 37 47 21 62 59 22 93 63 7 99 51 58 36 84 27 8 17 72 9 65 10 79 23 33 24 68 88 0 67 94 57 89 14 86 53 98 12 74 55 97 61 16 15 52 40 85 64 71 26 20 56 19 46 18 13 29 78 34 90 38 66 43 44 77 1 87 73 5 42 2 31 75 11 54 95 39 6 60 50 4 32 48 30 92 83 45 25 3 
TEST 162 ARG:90 29 53 63 83 55 89 85 40 9 94 62 81 69 11 44 32 41 86 67 78 1 24 54 88 8 46 5 2 6 75 14 59 97 64 30 42 70 23 74 82 87 98 48 12 49 58 65 93 16 21 77 25 35 57 26 34 73 76 66 99 15 37 50 92 38 28 27 56 13 0 91 72 4 95 61 39 18 19 45 36 7 52 3 47 17 20 51 84 43 31 68 22 60 71 80 96 79 10 33 
TEST 163 ARG:40 30 45 75 73 71 65 24 99 93 92 83 95 57 81 82 26 29 10 34 89 6 55 37 19 9 64 31 79 17 50 0 70 39 35 87 8 7 68 36 15 23 94 86 77 13 84 85 44 78 96 41 20 47 90 25 62 21 43 16 42 63 74 4 14 54 76 1 61 72 51 69 38 52 80 48 22 27 58 88 12 2 59 33 11 32 18 67 91 3 98 46 53 60 97 28 56 66 5 49 
TEST 164 ARG:24 58 0 15 64 10 13 14 49 16 65 88 37 8 4 69 75 96 70 18 60 63 92 29 79 97 7 77 57 83 89 27 25 56 48 41 9 90 17 23 59 11 40 68 39 99 93 3 81 71 20 46 42 6 73 94 74 66 45 84 47 80 62 19 28 12 32 52 82 98 54 55 26 43 2 72 95 31 21 33 53 50 86 51 85 38 44 34 67 1 61 22 5 78 35 91 76 36 30 87 
TEST 165 ARG:69 97 31 42 40 94 81 43 80 44 51 84 4 2 92 21 85 93 72 39 78 48 37 18 11 1 36 60 32 98 82 8 9 23 62 91 3 47 33 6 89 45 50 38 74 70 25 73 30 14 65 26 22 55 0 52 20 10 75 90 66 99 13 95 5 58 7 59 54 46 77 83 68 67 19 16 24 96 56 79 15 61 53 27 28 88 63 49 57 12 41 17 64 29 87 34 86 71 76 35 
TEST 166 ARG:40 1 63 35 97 42 66 14 53 28 81 20 86 82 62 49 56 58 9 2 25 46 84 45 24 47 92 52 51 39 54 50 67 41 33 4 7 85 78 75 74 30 48 90 16 3 76 32 79 44 26 5 70 43 68 83 19 34 22 10 98 55 87 29 0 72 59 13 60 8 15 77 89 31 11 38 37 96 88 17 64 93 94 71 73 6 18 99 21 69 80 12 61 57 36 27 95 65 23 91 
TEST 167 ARG:83 23 27 0 72 11 63 22 35 61 64 31 79 47 32 87 45 74 73 99 90 55 82 5 12 80 4 34 16 59 20 97 41 93 14 81 65 66 69 8 37 60 95 36 38 46 9 18 77 13 19 42 57 29 3 7 91 1 15 86 70 92 10 89 78 67 94 25 85 48 98 33 51 54 21 43 40 96 26 76 71 39 28 53 75 84 6 30 62 49 56 88 50 2 58 44 52 24 17 68 
TEST 168 ARG:4 37 47 88 87 43 23 21 64 8 97 10 1 19 0 3 26 17 24 54 2 73 50 68 84 49 45 92 29 51 61 85 46 32 14 66 30 44 25 79 89 5 40 59 13 31 22 57 76 72 67 63 71 58 38 34 90 60 70 94 98 48 65 33 15 93 95 6 36 91 35 41 28 83 7 69 78 20 42 52 82 86 55 62 56 9 96 11 74 39 80 99 18 77 75 53 81 16 27 12 
TEST 169 ARG:21 23 56 41 12 89 90 83 79 43 7 58 3 8 74 94 36 49 27 99 59 80 57 78 95 77 98 19 24 10 54 60 91 64 97 69 51 84 52 53 42 93 25 30 39 63 2 6 46 48 61 37 73 5 28 47 55 82 0 34 72 86 16 38 65 66 68 1 76 85 31 9 71 92 17 44 81 96 14 50 11 26 87 4 22 20 13 67 29 35 70 15 40 18 33 32 45 88 75 62 
TEST 170 ARG:77 25 98 31 61 69 97 52 59 53 95 23 16 1 11 84 30 28 39 83 92 91 99 80 68 67 50 41 58 4 24 96 62 87 38 27 0 85 45 94 47 76 93 64 74 71 78 86 9 36 89 46 73 7 3 12 48 13 60 17 6 65 55 35 32 33 21 15 82 66 79 5 14 75 29 2 8 88 54 42 56 51 19 43 20 22 44 90 63 57 10 40 49 18 34 72 37 81 70 26 
TEST 171 ARG:38 77 1 44 25 62 90 31 63 57 32 14 88 83 16 97 41 84 12 26 33 98 74 67 91 73 39 0 96 51 15 6 58 35 9 29 11 86 55 36 47 56 85 13 7 61 43 78 87 18 22 50 30 68 71 60 24 82 23 69 19 40 34 94 28 4 46 8 48 2 99 59 79 10 66 72 20 80 42 5 54 70 17 75 64 3 81 52 37 27 89 53 65 76 45 49 95 21 92 93 
TEST 172 ARG:89 86 69 14 54 66 64 20 32 38 53 77 9 83 61 30 62 67 41 65 35 55 74 97 5 17 2 7 15 92 42 24 52 98 78 47 68 0 71 95 73 31 50 72 45 36 40 39 56 27 6 43 26 88 19 29 70 94 57 1 22 18 34 82 80 93 99 11 49 3 21 12 8 33 85 4 28 16 84 87 90 81 91 75 79 76 25 48 51 13 59 96 60 46 63 44 10 37 23 58 
TEST 173 ARG:68 44 0 71 67 64 47 40 36 42 29 97 66 59 52 49 92 73 62 82 23 14 63 11 27 79 96 78 5 99 76 10 74 81 19 80 37 75 51 94 15 7 22 35 61 98 25 54 93 72 34 88 45 43 77 69 65 24 56 55 13 33 95 58 26 41 17 38 48 87 70 90 28 21 32 31 84 53 3 85 50 89 86 6 30 9 1 91 46 18 4 8 83 2 57 16 12 20 39 60 
TEST 174 ARG:95 93 83 5 65 57 11 71 52 50 97 63 1 49 90 51 38 10 86 22 36 31 99 94 33 60 96 64 73 16 82 70 29 18 80 2 45 35 43 30 87 34 79 68 7 41 67 55 19 47 23 13 58 62 17 81 39 46 92 42 91 54 28 21 37 75 32 84 56 72 88 69 27 20 76 15 25 12 24 0 77 48 59 40 14 78 89 74 4 53 85 8 44 98 61 3 66 26 9 6 
TEST 175 ARG:21 42 13 61 31 87 94 81 20 24 72 64 30 44 55 80 92 28 98 27 41 17 85 8 83 47 46 77 79 9 51 36 45 23 3 57 37 63 0 58 91 67 11 56 1 54 18 99 19 60 74 38 40 15 43 33 69 88 62 68 97 49 34 22 65 29 7 90 73 14 93 86 53 5 26 59 75 50 39 70 71 48 95 66 96 6 78 32 76 52 89 25 10 4 35 82 2 16 84 12 
TEST 176 ARG:74 89 0 73 79 3 98 66 90 2 40 68 10 26 7 22 20 19 51 67 60 12 47 65 6 55 13 96 31 57 87 63 50 42 39 83 23 71 82 84 33 43 88 48 35 38 59 5 78 16 24 52 46 17 69 49 81 25 99 97 9 28 21 37 94 11 15 62 61 53 30 85 4 70 86 27 56 44 72 45 1 8 36 91 75 54 14 92 32 34 95 80 18 29 58 76 93 64 41 77 
TEST 177 ARG:85 56 26 34 4 66 65 73 59 63 95 0 57 76 10 64 6 88 28 50 43 36 40 21 17 97 23 27 22 61 92 24 14 2 19 32 53 94 1 11 60 48 18 77 31 51 8 54 62 15 30 83 82 49 7 5 29 52 93 47 80 46 39 67 13 89 69 99 75 42 38 91 96 68 81 71 78 12 79 55 84 58 86 87 90 41 25 37 16 33 44 3 9 35 70 74 72 45 20 98 
TEST 178 ARG:95 57 0 61 29 35 69 21 26 84 55 43 65 79 16 74 44 92 91 1 76 89 99 17 6 12 20 78 67 70 28 8 50 25 30 3 60 64 46 9 18 34 53 51 24 33 22 27 40 73 94 5 41 14 90 96 85 13 38 63 75 39 19 58 54 66 2 45 4 36 93 71 62 31 98 15 68 11 86 48 23 7 88 77 72 56 32 97 82 52 37 49 59 80 10 47 87 83 81 42 
TEST 179 ARG:60 93 58 11 51 70 23 50 18 65 7 42 21 95 45 17 30 38 54 56 88 74 5 57 39 35 48 69 79 77 46 81 92 63 85 1 90 0 83 94 72 28 19 96 98 34 32 37 89 40 33 15 55 62 6 27 71 73 3 10 87 52 84 53 13 8 4 2 91 41 59 22 99 20 43 47 36 80 67 29 49 97 16 76 61 86 26 78 66 31 24 64 25 14 75 68 9 12 44 82 
TEST 180 ARG:49 75 19 30 7 83 51 54 98 67 99 47 38 26 9 28 68 72 48 8 94 5 91 12 59 24 80 0 50 44 58 86 2 14 70 77 39 3 78 63 34 43 64 35 74 76 89 79 6 4 45 36 23 40 37 62 73 29 46 13 85 15 53 27 71 65 92 1 93 42 32 95 84 11 16 82 20 41 52 55 21 10 31 33 96 69 88 57 60 18 17 81 56 22 97 61 90 25 87 66 
TEST 181 ARG:9 30 33 27 98 77 42 17 12 75 96 99 40 29 95 39 35 84 70 41 64 19 67 59 54 14 47 85 43 36 1 74 52 26 83 18 8 56 89 2 97 20 91 61 93 66 73 71 53 60 22 92 24 31 72 11 4 51 5 80 63 90 13 78 38 87 25 23 32 57 45 49 3 62 28 34 50 21 82 86 79 55 48 94 7 37 6 81 15 65 10 88 44 58 0 68 16 46 76 69 
TEST 182 ARG:85 17 33 34 6 61 26 30 54 97 23 60 59 46 0 65 29 51 9 79 16 68 92 98 69 67 58 96 90 66 80 93 52 20 47 41 91 63 35 31 71 7 15 62 55 74 44 73 1 49 43 12 13 57 8 84 40 88 11 27 48 81 53 36 22 28 95 25 19 2 14 83 72 70 50 32 77 64 94 56 99 24 10 3 45 87 21 37 4 76 82 42 78 39 89 5 18 38 86 75 
TEST 183 ARG:18 24 60 48 73 3 64 57 9 28 49 53 86 43 8 12 34 70 66 10 36 26 95 11 67 7 23 54 52 44 29 37 21 47 96 1 17 16 45 2 63 40 80 56 5 93 83 58 50 38 25 71 92 84 62 46 30 94 88 82 22 81 72 14 69 59 89 97 13 6 19 55 79 33 61 20 65 68 51 99 87 35 75 78 85 77 31 42 32 4 74 27 0 41 91 39 90 76 98 15 
TEST 184 ARG:94 70 10 75 22 54 21 95 46 64 38 45 7 77 17 72 8 59 52 27 20 48 37 91 2 42 97 86 92 68 51 69 28 15 57 31 66 29 62 12 81 41 99 32 9 65 4 14 78 55 39 19 60 25 5 79 43 49 36 89 30 34 53 90 24 50 13 26 3 16 80 47 73 67 83 74 0 18 40 44 35 11 6 58 87 96 1 76 84 98 56 63 33 82 93 23 61 85 88 71 
TEST 185 ARG:97 62 87 78 73 37 84 30 83 27 57 45 48 24 60 32 15 70 1 31 13 42 6 0 65 81 96 47 68 80 88 58 51 46 34 53 89 9 98 33 56 71 14 76 67 66 90 11 7 41 8 2 17 38 44 3 36 18 85 19 43 39 29 99 72 59 40 75 26 95 92 79 23 21 54 61 55 94 74 69 50 35 12 91 28 5 86 77 49 4 93 25 64 16 22 20 10 63 82 52 
TEST 186 ARG:14 4 55 37 77 10 20 2 61 46 24 97 58 43 25 81 87 3 71 15 50 96 30 54 27 7 8 90 17 47 94 36 62 21 84 78 49 92 40 57 85 51 6 48 34 76 91 83 45 1 63 73 69 72 82 32 88 22 59 67 53 41 68 70 39 23 44 31 18 79 0 16 35 89 80 13 74 19 33 66 38 9 26 12 65 99 42 95 29 52 98 28 11 60 93 64 75 5 56 86 
TEST 187 ARG:32 90 15 23 53 12 74 54 10 63 29 98 46 62 34 1 56 44 41 33 81 24 5 88 85 30 22 16 58 14 89 50 65 25 67 45 40 66 92 83 57 35 26 86 97 37 77 72 73 99 47 76 48 27 49 78 19 79 7 42 75 8 43 94 52 96 2 17 11 95 87 80 38 61 21 60 51 36 84 3 82 6 9 68 70 39 0 20 13 59 64 28 31 91 4 71 55 18 93 69 
TEST 188 ARG:91 0 17 75 52 90 38 30 8 47 55 57 59 48 68 32 9 21 46 96 3 26 23 77 64 40 42 11 45 50 95 97 25 53 93 15 76 83 58 10 84 92 79 13 12 63 36 33 5 27 1 69 24 2 44 16 7 66 88 94 80 18 35 89 19 67 6 65 73 20 31 60 54 62 85 37 39 34 74 72 78 14 99 56 82 61 51 4 43 28 86 41 71 81 87 70 22 98 29 49 
TEST 189 ARG:46 95 29 42 41 61 0 1 26 71 31 99 33 64 47 36 81 87 55 68 25 37 83 34 22 80 92 96 74 44 57 21 38 12 86 67 84 27 98 43 60 49 23 79 7 30 82 97 8 73 45 85 53 52 51 69 75 3 94 28 35 54 50 10 63 62 59 16 76 19 17 65 70 39 78 11 72 77 58 13 90 24 93 20 88 89 91 15 9 6 66 4 56 48 14 5 2 40 18 32 
TEST 190 ARG:9 31 93 2 14 83 35 88 33 5 11 61 64 17 26 20 41 90 52 18 38 15 80 97 37 49 56 24 6 67 0 1 68 69 54 84 98 91 43 86 7 8 66 57 32 46 36 44 22 13 48 82 4 23 62 94 96 47 70 60 25 75 79 78 65 51 89 58 92 59 28 42 3 53 95 50 19 27 81 55 40 76 39 16 12 45 29 21 74 71 77 87 99 85 10 63 72 30 34 73 
TEST 191 ARG:6 73 60 33 72 88 78 68 31 39 76 17 11 28 85 50 70 18 19 79 0 12 29 63 81 44 86 65 87 61 30 25 80 32 56 51 5 71 41 22 53 2 8 69 58 45 47 15 10 67 43 16 4 46 92 14 95 7 98 93 64 26 24 97 35 42 94 90 77 82 48 1 37 99 54 55 89 91 38 57 59 21 66 36 20 3 84 74 52 27 13 62 9 40 96 23 34 83 49 75 
TEST 192 ARG:12 24 14 31 10 94 50 80 20 22 26 63 23 32 70 67 51 39 90 48 30 68 81 65 93 18 85 79 46 28 7 17 73 96 71 38 33 13 89 43 15 64 74 3 72 0 16 77 92 40 83 58 44 54 52 8 97 19 36 1 76 86 88 60 37 25 87 99 27 78 84 75 34 47 57 62 66 9 45 82 49 95 4 61 41 21 29 42 11 6 5 2 98 35 69 56 59 53 55 91 
TEST 193 ARG:45 76 14 43 83 90 4 31 18 66 21 67 37 2 28 53 0 20 61 41 5 9 35 65 82 69 47 44 22 75 98 8 17 42 93 57 80 78 16 10 77 81 72 13 55 84 85 3 25 87 48 23 74 1 27 6 11 40 79 94 7 59 70 58 52 32 54 95 38 33 19 26 49 92 89 91 56 63 29 51 73 36 39 86 15 68 96 46 50 12 24 60 97 99 71 88 30 62 64 34 
TEST 194 ARG:32 28 80 74 36 65 63 45 51 8 84 91 40 30 34 35 49 53 16 92 37 64 26 97 95 3 41 27 9 70 25 46 38 21 6 2 66 50 29 68 59 99 60 39 31 22 67 87 75 17 96 13 10 78 4 72 7 94 11 52 5 69 55 81 93 76 0 44 20 12 54 18 14 90 47 88 71 57 86 33 77 61 15 24 83 48 58 62 82 1 85 23 56 43 98 73 42 79 19 89 
TEST 195 ARG:21 76 35 47 0 71 80 18 9 14 77 57 99 95 60 62 58 83 85 17 22 24 19 97 5 91 55 93 79 86 96 4 64 53 11 45 33 98 63 66 81 92 73 46 90 44 26 6 59 82 42 39 16 41 75 70 94 72 37 7 78 13 34 87 12 48 3 56 10 38 1 50 27 51 52 8 84 29 25 28 23 32 89 65 31 20 40 30 43 88 54 2 69 36 61 74 67 49 68 15 
TEST 196 ARG:35 13 6 40 43 7 61 75 9 92 71 64 14 81 25 73 98 47 5 2 24 60 34 62 4 19 95 11 31 69 27 74 55 63 53 90 99 67 50 82 42 45 10 41 32 21 79 29 89 1 15 56 17 77 20 49 0 76 12 8 58 59 88 33 85 30 18 83 97 16 84 48 22 36 46 37 91 78 86 57 44 72 26 23 3 52 28 80 54 87 68 65 93 94 51 38 70 66 39 96 
TEST 197 ARG:15 78 55 9 5 6 72 50 91 22 84 93 69 45 89 96 66 62 24 26 85 77 73 35 65 75 11 63 86 13 99 23 94 79 4 47 60 83 49 19 12 51 90 59 14 34 37 68 54 20 0 67 44 64 92 70 95 81 21 7 38 1 10 3 53 31 88 29 8 39 42 48 28 97 30 41 25 40 80 74 76 56 33 52 87 16 82 43 18 46 17 57 98 58 61 32 36 71 2 27 
TEST 198 ARG:65 88 52 7 12 42 22 86 18 21 23 10 47 56 51 16 78 26 97 24 96 59 6 3 57 95 49 62 77 69 83 40 55 33 31 90 13 53 36 1 27 82 0 44 75 80 34 81 61 54 43 58 9 68 30 15 14 60 28 29 99 4 71 46 73 20 37 45 48 19 70 5 2 66 25 85 63 41 87 92 38 74 84 94 11 76 50 32 8 67 89 35 39 93 91 72 98 79 17 64 
TEST 199 ARG:49 25 50 52 29 15 58 53 82 24 41 83 40 66 42 56 68 48 71 10 6 17 75 90 36 12 92 47 59 89 18 35 28 79 86 84 2 16 27 76 80 97 13 23 0 26 33 63 94 88 20 9 3 11 39 61 4 67 46 32 96 85 7 14 64 81 74 99 93 5 55 34 54 62 65 51 98 77 45 70 69 31 72 87 91 37 1 44 73 95 78 38 43 22 21 8 30 57 60 19 
TEST 200 ARG:87 22 38 7 13 56 5 52 57 67 14 32 54 29 95 84 91 19 26 30 83 46 36 16 96 77 6 72 24 21 76 15 2 89 69 18 88 75 45 44 4 55 61 65 58 25 74 80 39 53 90 33 93 59 97 28 9 10 78 23 71 64 92 85 86 3 35 0 50 98 34 73 40 99 48 8 51 41 68 94 49 63 60 66 47 42 17 82 1 79 27 31 43 62 81 12 37 11 20 70 
TEST 201 ARG:61 58 80 36 79 3 87 55 10 7 66 33 81 23 90 48 94 62 38 68 27 35 86 51 82 70 95 42 32 67 63 41 71 54 13 19 29 59 56 69 89 72 1 30 39 76 83 25 92 84 9 91 4 40 99 20 97 16 43 28 46 98 77 0 31 64 2 65 50 88 21 44 5 53 47 11 57 17 14 73 24 96 85 37 93 34 15 74 52 12 49 22 78 8 75 26 60 18 6 45 
Multiple size <= 500
TEST 1 ARG:-19 -56 -135 -105 -199 -50 71 231 49 -138 156 -215 240 -40 17 -103 -250 -72 -119 -129 102 40 -44 -12 89 -191 -2 -219 -245 -121 -140 -111 86 -66 -106 53 -104 163 -112 -13 120 164 -167 88 -207 -71 -42 -38 -156 125 -213 147 176 143 208 -82 -177 -100 29 44 -54 70 122 206 -240 -210 -84 244 -75 -31 184 67 173 149 181 -236 -22 131 -206 192 16 94 -159 225 -94 -144 247 -32 38 26 137 11 -78 -41 68 37 -87 132 126 39 96 -154 151 -157 -108 -80 -187 -164 -198 -228 66 222 -1 -145 142 242 3 245 170 -18 193 6 154 87 -109 130 -28 198 203 209 77 54 -29 -25 1 74 179 -181 -204 -200 -227 166 161 -52 -15 -158 -116 207 -64 48 25 -51 -43 47 123 -239 232 81 -55 199 -137 239 -81 90 -27 226 -4 138 -241 106 46 -185 -197 -192 127 -152 57 100 -186 157 -220 10 116 19 -195 -70 -175 41 -209 248 160 -150 21 -172 -36 -30 -171 180 -93 -208 -176 43 243 80 190 174 -3 72 201 228 230 20 221 -60 -7 -101 108 75 -76 104 -34 -179 -73 119 227 7 -26 -45 58 97 69 -14 35 0 -229 -48 -96 -222 27 -77 -214 -147 118 150 -35 -10 159 33 59 196 -184 -17 204 -166 -69 115 -131 95 -83 61 52 -230 -39 82 158 36 62 -37 -65 73 -92 177 92 215 183 -57 -91 121 -107 -33 -174 -160 -90 79 -124 -117 101 189 -221 -142 144 136 112 13 -61 -223 -170 186 -133 -203 -74 -95 -244 76 241 202 -205 -132 -218 216 -233 -188 165 84 -226 224 219 238 -249 8 -149 -225 195 -202 134 -11 146 51 234 -9 217 64 55 103 -88 152 -178 -232 109 78 -126 31 -102 45 -163 235 9 -6 83 -243 -212 171 -85 213 -247 -183 139 200 191 91 111 -190 175 -136 -8 -139 -248 -201 12 99 -182 -113 169 28 237 205 236 113 -63 -231 -165 -153 -122 98 162 140 128 129 -86 -123 -16 63 214 218 -162 -238 -114 229 24 -151 -5 34 -99 114 23 -46 -125 30 185 -141 -217 -148 65 56 4 -49 -59 -211 -237 141 133 105 -120 167 110 135 -134 -68 246 -89 155 -20 210 -169 -62 50 -194 85 -128 -79 -118 -67 -168 220 233 148 178 172 -53 -173 211 18 -180 5 -246 -216 197 2 153 93 -115 168 -155 22 223 -23 60 -98 -130 145 -196 15 -110 -189 -193 -21 -58 14 107 117 212 194 -242 -146 187 -161 32 -235 -24 -234 249 -127 -97 182 -47 124 -143 -224 188 42 
TEST 2 ARG:-120 151 3 -160 149 -142 108 170 -165 142 -205 100 105 223 -85 172 137 -179 -195 -226 225 136 -140 132 92 139 198 -20 169 74 240 -246 -156 -13 -64 -188 -95 203 127 122 -61 -60 220 96 167 35 88 162 -102 158 -183 -217 11 80 109 -93 -230 -176 117 67 -99 69 -28 -80 -46 -81 37 -211 -40 -66 -84 7 -96 -19 -55 95 -201 -249 -123 -236 78 193 -92 -17 -57 99 -208 -79 227 -130 103 33 34 -187 49 29 -127 123 194 -15 -150 87 107 174 43 -34 -243 -2 135 248 209 47 -128 199 93 -56 -222 244 210 213 -219 -44 181 -184 -185 -18 -161 -215 -115 179 221 -181 -202 -162 -223 187 -62 156 247 191 134 58 -177 -7 40 -35 246 185 52 -231 176 186 60 51 57 144 -119 20 -200 2 -69 17 -145 -73 -31 28 -124 81 214 91 245 -26 -229 -52 207 77 6 -214 85 97 -210 -77 -82 -234 -173 234 -6 200 -42 -240 -117 53 24 141 32 -110 -131 -144 182 119 83 23 71 -203 -78 -51 25 159 -244 -149 -163 219 -9 236 113 14 184 -36 -38 -239 -59 243 -224 196 -105 235 178 -175 56 -180 -164 -11 -32 -220 154 18 90 -4 59 118 94 -213 104 -22 -29 239 205 -238 30 155 168 86 10 -116 228 229 -88 4 146 206 9 -108 38 -143 -186 -170 55 -114 -216 -199 249 -5 -25 -30 -227 -245 188 -23 129 121 -133 -167 163 -139 75 -146 50 -94 -86 -196 -197 190 -74 -218 66 19 -235 -129 173 130 140 -33 -126 -8 22 -112 98 -132 -16 -221 -87 232 -39 -43 48 -83 -70 -178 150 177 -1 216 -141 -191 138 -241 175 44 110 -12 -147 116 231 197 65 63 -204 -242 241 224 -68 -27 89 166 208 237 -47 62 211 84 -207 70 -198 -90 230 153 -101 -193 183 115 -67 126 148 41 1 143 76 -155 192 -174 -3 -45 -151 131 -72 -75 79 226 201 202 106 128 160 -76 -157 -228 -54 -206 -98 36 133 114 -103 -233 31 -138 124 39 -212 120 -209 -125 238 102 125 215 -104 171 217 212 -111 -152 -14 -48 -63 -136 -107 -50 5 -247 13 54 21 -113 64 -71 -21 -121 42 164 -182 72 -190 73 157 195 -135 -237 8 -232 -248 0 189 -106 -192 27 -24 -134 12 222 -154 -65 -41 218 204 -97 -58 68 82 -158 61 45 165 161 152 -109 -250 -100 145 15 -89 16 111 147 26 -171 -53 -153 -159 -166 46 101 -49 -225 112 -148 180 -169 -137 -10 233 242 -168 -118 -122 -194 -172 -37 -189 -91 
TEST 3 ARG:120 244 -204 190 -33 -66 -63 82 57 -113 245 -88 -157 -109 -24 63 -87 -50 -56 52 221 235 -44 175 -35 -246 77 165 -91 173 -57 231 -193 -22 -70 -139 132 187 -190 -90 -148 -52 64 -80 123 24 -11 -25 3 -74 -214 204 106 158 -237 170 40 -135 -31 -85 12 -242 -73 -186 86 -247 227 192 -170 -185 -163 149 22 238 -225 172 126 69 13 -151 -166 9 -201 177 -10 -108 -145 18 -41 -221 -78 41 43 94 217 193 105 5 188 182 113 -103 -16 168 -72 -154 -138 131 -160 -136 70 -69 180 -200 185 141 205 39 -152 -28 -46 -210 65 8 85 229 2 -94 61 -49 -150 80 -226 -249 -165 83 -15 53 89 -143 216 -140 6 -183 -12 -147 -26 36 -159 68 90 97 -61 -120 -14 71 -197 228 -29 30 -6 -84 -40 -30 -184 47 -3 98 81 10 -128 -58 -244 -229 -117 -177 -1 176 167 -213 -23 -21 213 160 58 164 224 115 127 -18 -89 -9 146 -68 210 116 -231 -130 -114 -101 156 -224 152 -59 -250 234 -180 -7 -174 91 184 -127 -118 -121 100 -45 44 202 -198 -123 7 -131 -116 -230 -240 -168 -82 -8 191 -75 88 -65 -196 -169 109 19 249 -102 75 -54 -5 179 174 233 -234 48 181 -137 214 -124 -208 236 219 -97 144 247 79 -95 28 -104 111 -173 201 60 138 136 196 -167 -27 62 -236 218 23 102 -187 -144 4 -239 209 -142 114 -192 104 -36 -125 -209 33 -53 130 50 -215 49 -132 239 56 -43 -86 -141 135 140 66 -105 -238 -206 -62 -176 34 108 11 171 186 -99 240 -42 161 -106 162 -232 -211 -189 -199 -188 -19 93 31 35 45 137 -195 -76 96 124 195 178 -223 -155 -217 103 194 159 199 -171 -191 198 -79 84 -60 -4 243 142 151 54 143 200 -83 -119 -111 145 118 -161 -133 -228 76 -38 78 -153 155 21 223 232 -81 -218 133 -241 139 -194 -34 74 -51 128 -48 -181 242 -112 150 25 -182 203 206 237 -222 -129 110 215 -203 -115 -98 73 -37 207 -248 189 87 121 134 -2 246 99 166 38 -96 112 -243 55 169 -39 51 27 -149 -233 -126 -227 42 -235 15 211 -162 16 122 107 -20 67 -17 -202 -164 220 225 -179 153 -71 -158 101 -110 59 248 -178 -93 197 37 -55 -100 -67 -212 -220 14 -205 26 -156 163 119 157 -77 29 -219 46 -207 -13 230 222 241 -122 -146 147 -64 20 212 92 72 -245 1 -107 0 -216 -32 226 -175 148 117 129 -92 183 -134 17 95 -47 208 154 32 -172 125 
TEST 4 ARG:-82 37 -26 238 -106 64 29 -212 61 2 -90 167 206 -161 203 132 -61 -203 -48 69 226 -201 -197 102 113 -67 -79 -250 33 -174 -187 174 211 -21 -59 -115 -159 -93 -171 199 128 -168 -216 -143 -243 244 220 234 4 54 98 216 -129 118 -75 -230 -188 208 -40 114 62 -57 -158 -58 58 245 -235 185 51 -43 -208 46 18 235 -237 -225 -31 105 -34 60 -214 -104 -23 -155 -239 91 -202 183 129 202 224 124 133 218 217 164 -229 -100 241 99 -8 -6 130 23 229 -64 170 219 -209 -185 -56 -150 24 -89 16 9 25 -138 158 -107 -49 56 -221 45 -173 14 -103 194 -183 -192 -137 239 -147 47 153 89 -73 81 36 -139 -240 139 82 168 -157 -55 193 157 -98 94 134 -232 231 27 13 -76 212 -128 -156 -245 -111 -112 192 -7 -172 -71 111 -136 -37 -219 -83 103 -149 66 -234 -69 -108 196 -92 -18 -14 228 -222 162 122 65 -179 28 -205 214 247 50 -13 -223 121 246 -121 141 -36 184 -231 53 227 -178 225 195 -125 -12 -199 155 -142 -29 205 146 -85 117 137 63 -123 116 -22 74 68 109 -242 67 6 -47 127 -244 93 -182 84 186 -207 57 -74 -152 12 -95 30 -96 83 -30 95 -124 86 -114 123 176 -38 -148 232 -87 -236 10 -51 -81 -189 -19 87 -63 -196 -65 97 -52 248 108 201 -27 -3 -5 119 -215 163 148 223 -105 -184 -2 -160 221 71 -141 233 -181 -211 -60 -88 190 -84 -194 -162 142 80 207 230 166 143 11 182 222 90 126 112 -77 -33 85 -131 70 17 120 5 43 7 -78 -167 38 -132 -101 -133 197 -213 76 -97 175 -134 -220 78 156 -204 -91 -176 -163 -80 -66 -170 -191 177 200 -206 -177 147 -50 -70 -238 154 178 181 144 179 -46 79 52 -186 -35 215 -151 -180 -169 0 -94 -16 240 -62 -164 20 138 75 -9 -249 -217 34 160 96 -226 249 198 -200 72 39 21 -195 -246 169 -102 35 243 -72 -227 -241 48 44 -119 -15 77 173 115 31 1 161 150 -145 159 -135 -140 -144 8 135 19 -117 140 -165 210 -154 136 -122 -11 -99 -53 -45 131 -68 -24 149 237 -175 -153 145 -166 -109 -25 -28 100 171 -116 -113 -210 110 -86 104 40 213 49 -228 107 -198 -146 180 -42 -10 191 -218 -233 -118 189 209 151 188 -32 22 -248 32 242 92 73 -120 88 42 -54 -126 -1 -224 -247 -130 41 172 15 55 -44 165 204 -127 59 125 -20 187 236 -41 152 -4 101 3 -17 -39 106 -190 -110 26 -193 
TEST 5 ARG:-36 -185 -124 35 -82 20 -175 242 -11 108 -22 -111 224 196 -108 77 -91 -215 -228 246 -152 -169 140 67 199 136 170 179 54 -21 42 -120 51 1 78 -24 -102 -167 -127 -62 235 115 -85 -233 -14 -199 -101 120 216 -69 -210 -26 -41 94 182 -209 -221 174 158 -157 -222 -249 -4 26 -139 152 39 -104 -244 151 19 -95 -197 -225 164 -45 -2 221 237 -212 -29 -38 -166 -70 226 -133 178 129 -247 46 -132 -79 49 -246 105 231 71 66 133 -136 -78 106 -142 -245 40 -1 -122 -125 244 142 160 -10 203 190 227 -174 72 -60 34 -200 -94 139 -12 145 21 28 -243 16 218 225 -3 -116 -44 -224 114 -204 111 -196 -203 217 121 236 -176 -217 -33 -8 63 -57 -198 85 -25 -114 -58 81 229 177 91 -206 76 27 -165 53 -227 163 97 131 75 215 162 128 -105 -230 93 208 169 -192 -135 69 157 -131 79 238 143 96 24 184 -110 -113 -80 -54 -134 -202 -184 -138 -86 181 195 -148 -201 -40 -193 -52 134 -147 82 43 -129 -208 -234 90 -117 55 -28 -155 150 23 48 135 228 144 -59 -140 -107 -248 125 -239 167 -97 104 -236 213 -250 -128 2 188 -103 112 -172 -56 22 197 245 191 201 124 11 -17 -43 123 84 83 88 74 41 47 -162 9 -194 -72 -177 -191 -112 185 -130 -16 -47 38 168 -126 137 207 -226 209 14 65 220 10 -92 62 -89 33 -178 80 193 25 230 -106 146 -66 -27 240 176 -241 247 -151 -121 -9 -98 -115 189 -37 127 -207 147 5 -161 -68 18 126 141 211 56 -218 -87 -118 192 -65 92 32 161 -123 -158 -156 31 248 -88 132 -30 -93 -182 -231 12 -53 241 -7 -42 130 -188 219 100 -237 4 -186 6 -84 -83 -119 232 233 -34 -150 -81 -187 -164 -214 -96 -205 -232 -77 -23 -32 107 -18 -240 249 -235 172 -173 59 8 0 -51 -160 -64 -141 -146 -35 73 -145 -190 102 -6 -31 109 -19 205 -48 210 -168 194 200 117 -109 -219 -179 61 166 68 -238 -74 -76 -46 149 -149 -137 153 202 154 101 -61 -5 119 -229 89 -143 87 29 122 183 45 44 206 155 -180 171 86 -73 -144 -170 -71 36 187 13 223 156 -90 -49 -159 -163 214 99 -242 175 159 -171 239 173 30 103 70 98 -20 57 50 -100 17 118 95 -216 -55 -154 -39 60 -13 -50 -153 3 113 138 -75 37 -213 -181 -99 -15 116 180 -223 198 58 243 -63 7 -195 165 234 110 -211 52 222 204 -189 212 186 -220 -67 148 15 64 -183 
